article, year, half, quartile
1, 09, 1, 1
2, 09, 1, 1
3, 10, 2, 3
4, 12, 1, 1
5, 12, 1, 1
6, 12, 1, 1
7, 12, 1, 1
8, 12, 1, 1
9, 12, 1, 1
10, 12, 1, 1
11, 12, 1, 2
12, 12, 1, 2
13, 12, 1, 2
14, 12, 1, 2
15, 12, 1, 2
16, 12, 1, 2
17, 12, 1, 2
18, 12, 1, 2
19, 12, 1, 2
20, 12, 1, 2
21, 12, 1, 2
22, 12, 1, 2
23, 12, 1, 2
24, 12, 1, 2
25, 12, 1, 2
26, 12, 1, 2
27, 12, 1, 2
28, 12, 1, 2
29, 12, 1, 2
30, 12, 1, 2
31, 12, 1, 2
32, 12, 1, 2
33, 12, 1, 2
34, 12, 1, 2
35, 12, 1, 2
36, 12, 1, 2
37, 12, 1, 2
38, 12, 1, 2
39, 12, 2, 3
40, 12, 2, 3
41, 12, 2, 3
42, 12, 2, 3
43, 12, 2, 3
44, 12, 2, 3
45, 12, 2, 3
46, 12, 2, 3
47, 12, 2, 3
48, 12, 2, 3
49, 12, 2, 3
50, 12, 2, 3
51, 12, 2, 3
52, 12, 2, 3
53, 12, 2, 3
54, 12, 2, 3
55, 12, 2, 3
56, 12, 2, 3
57, 12, 2, 3
58, 12, 2, 3
59, 12, 2, 3
60, 12, 2, 3
61, 12, 2, 3
62, 12, 2, 3
63, 12, 2, 3
64, 12, 2, 3
65, 12, 2, 3
66, 12, 2, 3
67, 12, 2, 3
68, 12, 2, 3
69, 12, 2, 3
70, 12, 2, 3
71, 12, 2, 3
72, 12, 2, 3
73, 12, 2, 3
74, 12, 2, 3
75, 12, 2, 3
76, 12, 2, 3
77, 12, 2, 3
78, 12, 2, 3
79, 12, 2, 3
80, 12, 2, 3
81, 12, 2, 3
82, 12, 2, 3
83, 12, 2, 3
84, 12, 2, 3
85, 12, 2, 3
86, 12, 2, 3
87, 12, 2, 3
88, 12, 2, 3
89, 12, 2, 3
90, 12, 2, 3
91, 12, 2, 3
92, 12, 2, 3
93, 12, 2, 3
94, 12, 2, 3
95, 12, 2, 3
96, 12, 2, 3
97, 12, 2, 3
98, 12, 2, 3
99, 12, 2, 3
100, 12, 2, 3
101, 12, 2, 3
102, 12, 2, 3
103, 12, 2, 3
104, 12, 2, 3
105, 12, 2, 3
106, 12, 2, 3
107, 12, 2, 3
108, 12, 2, 3
109, 12, 2, 3
110, 12, 2, 3
111, 12, 2, 3
112, 12, 2, 3
113, 12, 2, 3
115, 12, 2, 3
116, 12, 2, 3
117, 12, 2, 3
118, 12, 2, 3
119, 12, 2, 3
120, 12, 2, 3
121, 12, 2, 3
122, 12, 2, 3
123, 12, 2, 3
124, 12, 2, 3
125, 12, 2, 3
126, 12, 2, 3
127, 12, 2, 3
128, 12, 2, 3
129, 12, 2, 3
130, 12, 2, 3
131, 12, 2, 3
132, 12, 2, 3
133, 12, 2, 3
134, 12, 2, 3
135, 12, 2, 3
136, 12, 2, 3
137, 12, 2, 3
138, 12, 2, 3
139, 12, 2, 3
140, 12, 2, 3
141, 12, 2, 3
142, 12, 2, 3
144, 12, 2, 3
145, 12, 2, 3
146, 12, 2, 3
147, 12, 2, 3
148, 12, 2, 3
149, 12, 2, 3
150, 12, 2, 3
151, 12, 2, 3
152, 12, 2, 3
153, 12, 2, 3
154, 12, 2, 3
155, 12, 2, 3
156, 12, 2, 3
157, 12, 2, 3
158, 12, 2, 3
159, 12, 2, 3
160, 12, 2, 3
161, 12, 2, 3
162, 12, 2, 3
163, 12, 2, 3
164, 12, 2, 3
165, 12, 2, 3
166, 12, 2, 3
167, 12, 2, 3
168, 12, 2, 3
169, 12, 2, 3
170, 12, 2, 3
171, 12, 2, 3
172, 12, 2, 3
173, 12, 2, 3
174, 12, 2, 3
175, 12, 2, 3
176, 12, 2, 3
177, 12, 2, 3
178, 12, 2, 3
179, 12, 2, 4
180, 12, 2, 4
181, 12, 2, 4
182, 12, 2, 4
183, 12, 2, 4
184, 12, 2, 4
185, 12, 2, 4
186, 12, 2, 4
187, 12, 2, 4
188, 12, 2, 4
189, 12, 2, 4
190, 12, 2, 4
191, 12, 2, 4
193, 12, 2, 4
194, 12, 2, 4
195, 12, 2, 4
196, 12, 2, 4
197, 12, 2, 4
198, 12, 2, 4
199, 12, 2, 4
200, 12, 2, 4
201, 12, 2, 4
202, 12, 2, 4
203, 12, 2, 4
204, 12, 2, 4
205, 12, 2, 4
206, 12, 2, 4
207, 12, 2, 4
208, 12, 2, 4
209, 12, 2, 4
210, 12, 2, 4
211, 12, 2, 4
212, 12, 2, 4
213, 12, 2, 4
214, 12, 2, 4
215, 12, 2, 4
216, 12, 2, 4
217, 12, 2, 4
218, 12, 2, 4
219, 12, 2, 4
220, 12, 2, 4
221, 12, 2, 4
222, 12, 2, 4
223, 12, 2, 4
224, 12, 2, 4
225, 12, 2, 4
226, 12, 2, 4
227, 12, 2, 4
228, 12, 2, 4
229, 12, 2, 4
230, 12, 2, 4
231, 12, 2, 4
232, 12, 2, 4
233, 12, 2, 4
234, 12, 2, 4
235, 12, 2, 4
236, 12, 2, 4
237, 12, 2, 4
238, 12, 2, 4
239, 12, 2, 4
240, 12, 2, 4
241, 12, 2, 4
242, 12, 2, 4
243, 12, 2, 4
244, 12, 2, 4
245, 12, 2, 4
246, 12, 2, 4
247, 12, 2, 4
248, 12, 2, 4
249, 12, 2, 4
250, 12, 2, 4
251, 12, 2, 4
252, 12, 2, 4
253, 12, 2, 4
254, 12, 2, 4
255, 12, 2, 4
256, 12, 2, 4
257, 12, 2, 4
258, 12, 2, 4
259, 12, 2, 4
260, 12, 2, 4
261, 12, 2, 4
262, 12, 2, 4
263, 12, 2, 4
264, 12, 2, 4
265, 12, 2, 4
266, 12, 2, 4
267, 12, 2, 4
268, 12, 2, 4
269, 12, 2, 4
270, 12, 2, 4
271, 12, 2, 4
272, 12, 2, 4
273, 12, 2, 4
274, 12, 2, 4
275, 12, 2, 4
276, 12, 2, 4
277, 12, 2, 4
278, 12, 2, 4
279, 12, 2, 4
280, 12, 2, 4
281, 12, 2, 4
282, 12, 2, 4
283, 12, 2, 4
284, 12, 2, 4
285, 12, 2, 4
286, 12, 2, 4
287, 12, 2, 4
288, 12, 2, 4
289, 12, 2, 4
290, 12, 2, 4
291, 12, 2, 4
292, 12, 2, 4
293, 12, 2, 4
294, 12, 2, 4
295, 12, 2, 4
296, 12, 2, 4
297, 12, 2, 4
298, 12, 2, 4
299, 12, 2, 4
300, 12, 2, 4
301, 12, 2, 4
302, 12, 2, 4
303, 12, 2, 4
304, 12, 2, 4
305, 12, 2, 4
306, 12, 2, 4
307, 12, 2, 4
308, 12, 2, 4
309, 12, 2, 4
310, 12, 2, 4
311, 12, 2, 4
312, 12, 2, 4
313, 12, 2, 4
314, 12, 2, 4
315, 12, 2, 4
316, 12, 2, 4
317, 12, 2, 4
318, 12, 2, 4
319, 12, 2, 4
320, 12, 2, 4
321, 12, 2, 4
322, 12, 2, 4
323, 12, 2, 4
324, 12, 2, 4
325, 12, 2, 4
326, 12, 2, 4
327, 12, 2, 4
328, 12, 2, 4
329, 12, 2, 4
330, 12, 2, 4
331, 12, 2, 4
332, 12, 2, 4
333, 12, 2, 4
334, 12, 2, 4
335, 12, 2, 4
336, 12, 2, 4
337, 12, 2, 4
338, 12, 2, 4
339, 12, 2, 4
340, 12, 2, 4
341, 12, 2, 4
342, 12, 2, 4
343, 12, 2, 4
344, 12, 2, 4
345, 12, 2, 4
346, 12, 2, 4
347, 12, 2, 4
348, 12, 2, 4
349, 12, 2, 4
350, 12, 2, 4
351, 12, 2, 4
352, 12, 2, 4
353, 12, 2, 4
354, 12, 2, 4
355, 12, 2, 4
356, 12, 2, 4
357, 12, 2, 4
358, 12, 2, 4
359, 12, 2, 4
360, 12, 2, 4
361, 12, 2, 4
362, 12, 2, 4
363, 12, 2, 4
364, 12, 2, 4
365, 12, 2, 4
366, 12, 2, 4
367, 12, 2, 4
368, 12, 2, 4
369, 12, 2, 4
370, 12, 2, 4
371, 12, 2, 4
372, 12, 2, 4
373, 12, 2, 4
374, 12, 2, 4
375, 12, 2, 4
376, 12, 2, 4
377, 12, 2, 4
378, 12, 2, 4
379, 12, 2, 4
380, 12, 2, 4
381, 12, 2, 4
382, 12, 2, 4
383, 12, 2, 4
384, 12, 2, 4
385, 12, 2, 4
386, 12, 2, 4
387, 12, 2, 4
388, 12, 2, 4
389, 12, 2, 4
390, 12, 2, 4
391, 12, 2, 4
392, 12, 2, 4
393, 12, 2, 4
394, 12, 2, 4
395, 12, 2, 4
396, 12, 2, 4
397, 12, 2, 4
398, 12, 2, 4
399, 12, 2, 4
400, 12, 2, 4
401, 12, 2, 4
402, 12, 2, 4
403, 12, 2, 4
404, 12, 2, 4
405, 12, 2, 4
406, 12, 2, 4
407, 12, 2, 4
408, 12, 2, 4
409, 12, 2, 4
410, 12, 2, 4
411, 12, 2, 4
412, 12, 2, 4
413, 12, 2, 4
414, 12, 2, 4
415, 12, 2, 4
416, 12, 2, 4
417, 12, 2, 4
418, 12, 2, 4
419, 12, 2, 4
420, 12, 2, 4
421, 12, 2, 4
422, 12, 2, 4
423, 12, 2, 4
424, 12, 2, 4
425, 12, 2, 4
426, 12, 2, 4
427, 12, 2, 4
428, 12, 2, 4
429, 12, 2, 4
430, 12, 2, 4
431, 12, 2, 4
432, 12, 2, 4
433, 12, 2, 4
434, 12, 2, 4
435, 12, 2, 4
436, 12, 2, 4
437, 12, 2, 4
438, 12, 2, 4
439, 12, 2, 4
440, 12, 2, 4
441, 12, 2, 4
442, 12, 2, 4
443, 12, 2, 4
444, 12, 2, 4
445, 12, 2, 4
446, 12, 2, 4
447, 12, 2, 4
448, 12, 2, 4
449, 12, 2, 4
450, 12, 2, 4
451, 12, 2, 4
452, 12, 2, 4
453, 12, 2, 4
454, 12, 2, 4
455, 12, 2, 4
456, 12, 2, 4
457, 12, 2, 4
458, 12, 2, 4
459, 12, 2, 4
460, 12, 2, 4
461, 12, 2, 4
462, 12, 2, 4
463, 12, 2, 4
464, 12, 2, 4
465, 12, 2, 4
466, 12, 2, 4
467, 12, 2, 4
468, 12, 2, 4
469, 12, 2, 4
470, 12, 2, 4
471, 12, 2, 4
472, 12, 2, 4
473, 12, 2, 4
474, 12, 2, 4
475, 12, 2, 4
476, 12, 2, 4
477, 12, 2, 4
478, 12, 2, 4
479, 12, 2, 4
480, 12, 2, 4
481, 12, 2, 4
482, 12, 2, 4
483, 12, 2, 4
484, 12, 2, 4
485, 12, 2, 4
486, 12, 2, 4
487, 12, 2, 4
488, 12, 2, 4
489, 12, 2, 4
490, 12, 2, 4
491, 12, 2, 4
492, 12, 2, 4
493, 12, 2, 4
494, 12, 2, 4
495, 12, 2, 4
496, 12, 2, 4
497, 12, 2, 4
498, 12, 2, 4
499, 12, 2, 4
500, 12, 2, 4
501, 12, 2, 4
502, 12, 2, 4
503, 12, 2, 4
504, 12, 2, 4
505, 12, 2, 4
506, 12, 2, 4
507, 12, 2, 4
508, 12, 2, 4
509, 12, 2, 4
510, 12, 2, 4
511, 12, 2, 4
512, 12, 2, 4
513, 12, 2, 4
514, 12, 2, 4
515, 12, 2, 4
516, 12, 2, 4
517, 12, 2, 4
518, 12, 2, 4
519, 12, 2, 4
520, 12, 2, 4
521, 12, 2, 4
522, 12, 2, 4
523, 12, 2, 4
524, 12, 2, 4
525, 12, 2, 4
526, 12, 2, 4
527, 12, 2, 4
528, 12, 2, 4
529, 12, 2, 4
530, 12, 2, 4
531, 12, 2, 4
532, 12, 2, 4
533, 12, 2, 4
534, 12, 2, 4
535, 12, 2, 4
536, 12, 2, 4
537, 12, 2, 4
538, 12, 2, 4
539, 12, 2, 4
540, 12, 2, 4
541, 12, 2, 4
542, 12, 2, 4
543, 12, 2, 4
544, 12, 2, 4
545, 12, 2, 4
546, 12, 2, 4
547, 12, 2, 4
548, 12, 2, 4
549, 12, 2, 4
550, 12, 2, 4
551, 12, 2, 4
552, 12, 2, 4
553, 12, 2, 4
554, 12, 2, 4
555, 12, 2, 4
556, 12, 2, 4
557, 12, 2, 4
558, 12, 2, 4
559, 12, 2, 4
560, 12, 2, 4
561, 12, 2, 4
562, 12, 2, 4
563, 12, 2, 4
564, 12, 2, 4
565, 12, 2, 4
566, 12, 2, 4
567, 12, 2, 4
568, 12, 2, 4
569, 12, 2, 4
570, 13, 1, 1
571, 13, 1, 1
572, 13, 1, 1
573, 13, 1, 1
574, 13, 1, 1
575, 13, 1, 1
576, 13, 1, 1
577, 13, 1, 1
578, 13, 1, 1
579, 13, 1, 1
580, 13, 1, 1
581, 13, 1, 1
582, 13, 1, 1
583, 13, 1, 1
584, 13, 1, 1
585, 13, 1, 1
586, 13, 1, 1
587, 13, 1, 1
588, 13, 1, 1
589, 13, 1, 1
590, 13, 1, 1
591, 13, 1, 1
592, 13, 1, 1
593, 13, 1, 1
594, 13, 1, 1
595, 13, 1, 1
596, 13, 1, 1
597, 13, 1, 1
598, 13, 1, 1
599, 13, 1, 1
600, 13, 1, 1
601, 13, 1, 1
602, 13, 1, 1
603, 13, 1, 1
604, 13, 1, 1
605, 13, 1, 1
606, 13, 1, 1
607, 13, 1, 1
608, 13, 1, 1
609, 13, 1, 1
610, 13, 1, 1
611, 13, 1, 1
612, 13, 1, 1
613, 13, 1, 1
614, 13, 1, 1
615, 13, 1, 1
616, 13, 1, 1
617, 13, 1, 1
618, 13, 1, 1
619, 13, 1, 1
620, 13, 1, 1
621, 13, 1, 1
622, 13, 1, 1
623, 13, 1, 1
624, 13, 1, 1
625, 13, 1, 1
626, 13, 1, 1
627, 13, 1, 1
628, 13, 1, 1
629, 13, 1, 1
630, 13, 1, 1
631, 13, 1, 1
632, 13, 1, 1
633, 13, 1, 1
634, 13, 1, 1
635, 13, 1, 1
636, 13, 1, 1
637, 13, 1, 1
638, 13, 1, 1
639, 13, 1, 1
640, 13, 1, 1
641, 13, 1, 1
642, 13, 1, 1
643, 13, 1, 1
644, 13, 1, 1
645, 13, 1, 1
646, 13, 1, 1
647, 13, 1, 1
648, 13, 1, 1
649, 13, 1, 1
650, 13, 1, 1
651, 13, 1, 1
652, 13, 1, 1
653, 13, 1, 1
654, 13, 1, 1
656, 13, 1, 1
657, 13, 1, 1
658, 13, 1, 1
659, 13, 1, 1
660, 13, 1, 1
661, 13, 1, 1
662, 13, 1, 1
663, 13, 1, 1
664, 13, 1, 1
665, 13, 1, 1
666, 13, 1, 1
667, 13, 1, 1
668, 13, 1, 1
669, 13, 1, 1
670, 13, 1, 1
671, 13, 1, 1
672, 13, 1, 1
673, 13, 1, 1
674, 13, 1, 1
675, 13, 1, 1
676, 13, 1, 1
677, 13, 1, 1
678, 13, 1, 1
679, 13, 1, 1
680, 13, 1, 1
681, 13, 1, 1
682, 13, 1, 1
683, 13, 1, 1
684, 13, 1, 1
685, 13, 1, 1
686, 13, 1, 1
687, 13, 1, 1
688, 13, 1, 1
689, 13, 1, 1
690, 13, 1, 1
691, 13, 1, 1
692, 13, 1, 1
693, 13, 1, 1
694, 13, 1, 1
695, 13, 1, 1
696, 13, 1, 1
697, 13, 1, 1
698, 13, 1, 1
699, 13, 1, 1
700, 13, 1, 1
701, 13, 1, 1
702, 13, 1, 1
703, 13, 1, 1
704, 13, 1, 1
705, 13, 1, 1
706, 13, 1, 1
707, 13, 1, 1
708, 13, 1, 1
709, 13, 1, 1
710, 13, 1, 1
711, 13, 1, 1
712, 13, 1, 1
713, 13, 1, 1
714, 13, 1, 1
715, 13, 1, 1
716, 13, 1, 1
717, 13, 1, 1
718, 13, 1, 1
719, 13, 1, 1
720, 13, 1, 1
721, 13, 1, 1
722, 13, 1, 1
723, 13, 1, 1
724, 13, 1, 1
725, 13, 1, 1
726, 13, 1, 1
727, 13, 1, 1
728, 13, 1, 1
729, 13, 1, 1
730, 13, 1, 1
732, 13, 1, 1
733, 13, 1, 1
734, 13, 1, 1
735, 13, 1, 1
736, 13, 1, 1
737, 13, 1, 1
738, 13, 1, 1
739, 13, 1, 1
740, 13, 1, 1
741, 13, 1, 1
742, 13, 1, 1
743, 13, 1, 1
744, 13, 1, 1
745, 13, 1, 1
746, 13, 1, 1
747, 13, 1, 1
748, 13, 1, 1
749, 13, 1, 1
750, 13, 1, 1
751, 13, 1, 1
752, 13, 1, 1
753, 13, 1, 1
754, 13, 1, 1
755, 13, 1, 1
756, 13, 1, 1
757, 13, 1, 1
758, 13, 1, 1
759, 13, 1, 1
760, 13, 1, 1
761, 13, 1, 1
762, 13, 1, 1
763, 13, 1, 1
764, 13, 1, 1
765, 13, 1, 1
766, 13, 1, 1
767, 13, 1, 1
768, 13, 1, 1
769, 13, 1, 1
770, 13, 1, 1
771, 13, 1, 1
772, 13, 1, 1
773, 13, 1, 1
774, 13, 1, 1
775, 13, 1, 1
776, 13, 1, 1
777, 13, 1, 1
778, 13, 1, 1
779, 13, 1, 1
780, 13, 1, 1
781, 13, 1, 1
782, 13, 1, 1
783, 13, 1, 1
784, 13, 1, 1
785, 13, 1, 1
786, 13, 1, 1
787, 13, 1, 1
788, 13, 1, 1
789, 13, 1, 1
790, 13, 1, 1
791, 13, 1, 1
792, 13, 1, 1
793, 13, 1, 1
794, 13, 1, 1
795, 13, 1, 1
796, 13, 1, 1
797, 13, 1, 1
798, 13, 1, 1
799, 13, 1, 1
800, 13, 1, 1
801, 13, 1, 1
802, 13, 1, 1
803, 13, 1, 1
804, 13, 1, 1
805, 13, 1, 1
806, 13, 1, 1
807, 13, 1, 1
808, 13, 1, 1
809, 13, 1, 1
810, 13, 1, 1
811, 13, 1, 1
812, 13, 1, 1
813, 13, 1, 1
814, 13, 1, 1
815, 13, 1, 1
816, 13, 1, 1
817, 13, 1, 1
818, 13, 1, 1
819, 13, 1, 1
820, 13, 1, 1
821, 13, 1, 1
822, 13, 1, 1
823, 13, 1, 1
824, 13, 1, 1
825, 13, 1, 1
826, 13, 1, 1
827, 13, 1, 1
828, 13, 1, 1
829, 13, 1, 1
830, 13, 1, 1
831, 13, 1, 1
832, 13, 1, 1
833, 13, 1, 1
834, 13, 1, 1
835, 13, 1, 1
836, 13, 1, 1
837, 13, 1, 1
838, 13, 1, 1
839, 13, 1, 1
840, 13, 1, 1
841, 13, 1, 1
842, 13, 1, 1
843, 13, 1, 1
844, 13, 1, 1
845, 13, 1, 1
846, 13, 1, 1
847, 13, 1, 1
848, 13, 1, 1
849, 13, 1, 1
850, 13, 1, 1
851, 13, 1, 1
852, 13, 1, 1
853, 13, 1, 1
854, 13, 1, 1
855, 13, 1, 1
856, 13, 1, 1
857, 13, 1, 1
858, 13, 1, 1
859, 13, 1, 1
860, 13, 1, 1
861, 13, 1, 1
862, 13, 1, 1
863, 13, 1, 1
864, 13, 1, 1
865, 13, 1, 1
866, 13, 1, 1
867, 13, 1, 1
868, 13, 1, 1
869, 13, 1, 1
870, 13, 1, 1
871, 13, 1, 1
872, 13, 1, 1
873, 13, 1, 1
874, 13, 1, 1
875, 13, 1, 1
876, 13, 1, 1
877, 13, 1, 1
878, 13, 1, 1
879, 13, 1, 1
880, 13, 1, 1
881, 13, 1, 1
882, 13, 1, 1
883, 13, 1, 1
884, 13, 1, 1
885, 13, 1, 1
886, 13, 1, 1
887, 13, 1, 1
888, 13, 1, 1
889, 13, 1, 1
890, 13, 1, 1
891, 13, 1, 1
892, 13, 1, 1
893, 13, 1, 1
894, 13, 1, 1
895, 13, 1, 1
896, 13, 1, 1
897, 13, 1, 1
898, 13, 1, 1
899, 13, 1, 1
900, 13, 1, 1
901, 13, 1, 1
902, 13, 1, 1
903, 13, 1, 1
904, 13, 1, 1
905, 13, 1, 1
906, 13, 1, 1
907, 13, 1, 1
908, 13, 1, 1
909, 13, 1, 1
910, 13, 1, 1
911, 13, 1, 1
912, 13, 1, 1
913, 13, 1, 1
914, 13, 1, 1
915, 13, 1, 1
916, 13, 1, 1
917, 13, 1, 1
918, 13, 1, 1
919, 13, 1, 1
920, 13, 1, 1
921, 13, 1, 1
922, 13, 1, 1
924, 13, 1, 1
925, 13, 1, 1
926, 13, 1, 1
927, 13, 1, 1
928, 13, 1, 1
929, 13, 1, 1
930, 13, 1, 1
931, 13, 1, 1
932, 13, 1, 1
933, 13, 1, 1
934, 13, 1, 1
935, 13, 1, 1
936, 13, 1, 1
937, 13, 1, 1
938, 13, 1, 1
939, 13, 1, 1
940, 13, 1, 1
941, 13, 1, 1
942, 13, 1, 1
944, 13, 1, 1
945, 13, 1, 1
946, 13, 1, 1
947, 13, 1, 1
948, 13, 1, 1
949, 13, 1, 1
950, 13, 1, 1
951, 13, 1, 1
952, 13, 1, 1
953, 13, 1, 1
954, 13, 1, 1
955, 13, 1, 1
956, 13, 1, 1
957, 13, 1, 1
958, 13, 1, 1
959, 13, 1, 1
960, 13, 1, 1
961, 13, 1, 1
962, 13, 1, 1
963, 13, 1, 1
964, 13, 1, 1
965, 13, 1, 1
966, 13, 1, 1
967, 13, 1, 1
968, 13, 1, 1
969, 13, 1, 1
970, 13, 1, 1
971, 13, 1, 1
972, 13, 1, 1
973, 13, 1, 1
974, 13, 1, 1
975, 13, 1, 1
976, 13, 1, 1
977, 13, 1, 1
978, 13, 1, 1
979, 13, 1, 1
980, 13, 1, 1
981, 13, 1, 1
982, 13, 1, 1
983, 13, 1, 1
984, 13, 1, 1
985, 13, 1, 1
986, 13, 1, 1
987, 13, 1, 1
988, 13, 1, 1
989, 13, 1, 1
990, 13, 1, 1
991, 13, 1, 1
992, 13, 1, 1
993, 13, 1, 1
994, 13, 1, 1
995, 13, 1, 1
996, 13, 1, 1
997, 13, 1, 1
998, 13, 1, 1
999, 13, 1, 1
1000, 13, 1, 1
1001, 13, 1, 1
1002, 13, 1, 1
1003, 13, 1, 1
1004, 13, 1, 1
1005, 13, 1, 1
1006, 13, 1, 1
1007, 13, 1, 1
1008, 13, 1, 1
1009, 13, 1, 1
1010, 13, 1, 1
1011, 13, 1, 1
1012, 13, 1, 1
1013, 13, 1, 1
1014, 13, 1, 1
1015, 13, 1, 1
1016, 13, 1, 1
1017, 13, 1, 1
1018, 13, 1, 1
1019, 13, 1, 1
1020, 13, 1, 1
1021, 13, 1, 1
1022, 13, 1, 1
1023, 13, 1, 1
1024, 13, 1, 1
1025, 13, 1, 1
1026, 13, 1, 1
1027, 13, 1, 1
1028, 13, 1, 1
1029, 13, 1, 1
1030, 13, 1, 1
1031, 13, 1, 1
1032, 13, 1, 1
1033, 13, 1, 1
1034, 13, 1, 1
1035, 13, 1, 1
1036, 13, 1, 1
1037, 13, 1, 1
1038, 13, 1, 1
1039, 13, 1, 1
1040, 13, 1, 1
1041, 13, 1, 1
1042, 13, 1, 1
1043, 13, 1, 1
1044, 13, 1, 1
1045, 13, 1, 1
1046, 13, 1, 1
1047, 13, 1, 1
1048, 13, 1, 1
1049, 13, 1, 1
1050, 13, 1, 1
1051, 13, 1, 1
1052, 13, 1, 1
1053, 13, 1, 1
1054, 13, 1, 1
1055, 13, 1, 1
1056, 13, 1, 1
1057, 13, 1, 1
1058, 13, 1, 1
1059, 13, 1, 1
1060, 13, 1, 1
1061, 13, 1, 1
1062, 13, 1, 1
1063, 13, 1, 1
1064, 13, 1, 1
1065, 13, 1, 1
1066, 13, 1, 1
1067, 13, 1, 1
1068, 13, 1, 1
1069, 13, 1, 1
1070, 13, 1, 1
1071, 13, 1, 1
1072, 13, 1, 1
1073, 13, 1, 1
1074, 13, 1, 1
1075, 13, 1, 1
1076, 13, 1, 1
1077, 13, 1, 1
1078, 13, 1, 1
1079, 13, 1, 1
1080, 13, 1, 1
1081, 13, 1, 1
1082, 13, 1, 1
1083, 13, 1, 1
1084, 13, 1, 1
1085, 13, 1, 1
1086, 13, 1, 1
1087, 13, 1, 1
1088, 13, 1, 1
1089, 13, 1, 1
1090, 13, 1, 1
1091, 13, 1, 1
1092, 13, 1, 1
1093, 13, 1, 1
1094, 13, 1, 1
1095, 13, 1, 1
1096, 13, 1, 1
1097, 13, 1, 1
1098, 13, 1, 1
1099, 13, 1, 1
1100, 13, 1, 1
1101, 13, 1, 1
1102, 13, 1, 1
1103, 13, 1, 1
1105, 13, 1, 1
1107, 13, 1, 1
1108, 13, 1, 1
1109, 13, 1, 1
1110, 13, 1, 1
1111, 13, 1, 1
1112, 13, 1, 1
1113, 13, 1, 1
1114, 13, 1, 1
1115, 13, 1, 1
1116, 13, 1, 1
1119, 13, 1, 1
1120, 13, 1, 1
1121, 13, 1, 1
1122, 13, 1, 1
1123, 13, 1, 1
1124, 13, 1, 1
1125, 13, 1, 1
1126, 13, 1, 1
1127, 13, 1, 1
1128, 13, 1, 1
1129, 13, 1, 1
1130, 13, 1, 1
1131, 13, 1, 1
1132, 13, 1, 1
1133, 13, 1, 1
1134, 13, 1, 1
1135, 13, 1, 2
1136, 13, 1, 2
1137, 13, 1, 2
1138, 13, 1, 2
1139, 13, 1, 2
1140, 13, 1, 2
1141, 13, 1, 2
1142, 13, 1, 2
1143, 13, 1, 2
1144, 13, 1, 2
1145, 13, 1, 2
1146, 13, 1, 2
1147, 13, 1, 2
1148, 13, 1, 2
1149, 13, 1, 2
1150, 13, 1, 2
1151, 13, 1, 2
1152, 13, 1, 2
1153, 13, 1, 2
1154, 13, 1, 2
1155, 13, 1, 2
1156, 13, 1, 2
1157, 13, 1, 2
1158, 13, 1, 2
1159, 13, 1, 2
1160, 13, 1, 2
1161, 13, 1, 2
1162, 13, 1, 2
1163, 13, 1, 2
1164, 13, 1, 2
1165, 13, 1, 2
1166, 13, 1, 2
1167, 13, 1, 2
1168, 13, 1, 2
1169, 13, 1, 2
1170, 13, 1, 2
1171, 13, 1, 2
1172, 13, 1, 2
1173, 13, 1, 2
1174, 13, 1, 2
1175, 13, 1, 2
1176, 13, 1, 2
1177, 13, 1, 2
1178, 13, 1, 2
1179, 13, 1, 2
1180, 13, 1, 2
1181, 13, 1, 2
1183, 13, 1, 2
1184, 13, 1, 2
1185, 13, 1, 2
1186, 13, 1, 2
1187, 13, 1, 2
1188, 13, 1, 2
1189, 13, 1, 2
1190, 13, 1, 2
1191, 13, 1, 2
1192, 13, 1, 2
1193, 13, 1, 2
1194, 13, 1, 2
1195, 13, 1, 2
1196, 13, 1, 2
1197, 13, 1, 2
1198, 13, 1, 2
1199, 13, 1, 2
1200, 13, 1, 2
1201, 13, 1, 2
1202, 13, 1, 2
1203, 13, 1, 2
1204, 13, 1, 2
1205, 13, 1, 2
1206, 13, 1, 2
1207, 13, 1, 2
1208, 13, 1, 2
1209, 13, 1, 2
1210, 13, 1, 2
1211, 13, 1, 2
1212, 13, 1, 2
1213, 13, 1, 2
1214, 13, 1, 2
1215, 13, 1, 2
1216, 13, 1, 2
1217, 13, 1, 2
1218, 13, 1, 2
1219, 13, 1, 2
1220, 13, 1, 2
1221, 13, 1, 2
1222, 13, 1, 2
1223, 13, 1, 2
1224, 13, 1, 2
1225, 13, 1, 2
1226, 13, 1, 2
1227, 13, 1, 2
1228, 13, 1, 2
1229, 13, 1, 2
1230, 13, 1, 2
1231, 13, 1, 2
1232, 13, 1, 2
1233, 13, 1, 2
1234, 13, 1, 2
1235, 13, 1, 2
1236, 13, 1, 2
1237, 13, 1, 2
1238, 13, 1, 2
1239, 13, 1, 2
1240, 13, 1, 2
1241, 13, 1, 2
1242, 13, 1, 2
1243, 13, 1, 2
1244, 13, 1, 2
1245, 13, 1, 2
1246, 13, 1, 2
1247, 13, 1, 2
1248, 13, 1, 2
1249, 13, 1, 2
1250, 13, 1, 2
1251, 13, 1, 2
1252, 13, 1, 2
1253, 13, 1, 2
1254, 13, 1, 2
1255, 13, 1, 2
1256, 13, 1, 2
1257, 13, 1, 2
1258, 13, 1, 2
1259, 13, 1, 2
1260, 13, 1, 2
1261, 13, 1, 2
1262, 13, 1, 2
1263, 13, 1, 2
1264, 13, 1, 2
1265, 13, 1, 2
1266, 13, 1, 2
1267, 13, 1, 2
1268, 13, 1, 2
1269, 13, 1, 2
1270, 13, 1, 2
1271, 13, 1, 2
1272, 13, 1, 2
1273, 13, 1, 2
1274, 13, 1, 2
1275, 13, 1, 2
1276, 13, 1, 2
1277, 13, 1, 2
1278, 13, 1, 2
1279, 13, 1, 2
1280, 13, 1, 2
1281, 13, 1, 2
1282, 13, 1, 2
1283, 13, 1, 2
1284, 13, 1, 2
1285, 13, 1, 2
1286, 13, 1, 2
1287, 13, 1, 2
1288, 13, 1, 2
1289, 13, 1, 2
1290, 13, 1, 2
1291, 13, 1, 2
1292, 13, 1, 2
1293, 13, 1, 2
1294, 13, 1, 2
1295, 13, 1, 2
1296, 13, 1, 2
1297, 13, 1, 2
1298, 13, 1, 2
1299, 13, 1, 2
1300, 13, 1, 2
1301, 13, 1, 2
1302, 13, 1, 2
1303, 13, 1, 2
1304, 13, 1, 2
1305, 13, 1, 2
1306, 13, 1, 2
1307, 13, 1, 2
1308, 13, 1, 2
1310, 13, 1, 2
1311, 13, 1, 2
1312, 13, 1, 2
1313, 13, 1, 2
1314, 13, 1, 2
1315, 13, 1, 2
1316, 13, 1, 2
1317, 13, 1, 2
1318, 13, 1, 2
1319, 13, 1, 2
1320, 13, 1, 2
1321, 13, 1, 2
1323, 13, 1, 2
1324, 13, 1, 2
1325, 13, 1, 2
1326, 13, 1, 2
1327, 13, 1, 2
1328, 13, 1, 2
1329, 13, 1, 2
1330, 13, 1, 2
1331, 13, 1, 2
1332, 13, 1, 2
1333, 13, 1, 2
1334, 13, 1, 2
1335, 13, 1, 2
1336, 13, 1, 2
1337, 13, 1, 2
1338, 13, 1, 2
1339, 13, 1, 2
1340, 13, 1, 2
1341, 13, 1, 2
1342, 13, 1, 2
1343, 13, 1, 2
1344, 13, 1, 2
1345, 13, 1, 2
1346, 13, 1, 2
1347, 13, 1, 2
1348, 13, 1, 2
1349, 13, 1, 2
1350, 13, 1, 2
1351, 13, 1, 2
1352, 13, 1, 2
1353, 13, 1, 2
1354, 13, 1, 2
1355, 13, 1, 2
1356, 13, 1, 2
1357, 13, 1, 2
1358, 13, 1, 2
1359, 13, 1, 2
1360, 13, 1, 2
1361, 13, 1, 2
1362, 13, 1, 2
1363, 13, 1, 2
1364, 13, 1, 2
1365, 13, 1, 2
1366, 13, 1, 2
1367, 13, 1, 2
1368, 13, 1, 2
1369, 13, 1, 2
1370, 13, 1, 2
1371, 13, 1, 2
1372, 13, 1, 2
1373, 13, 1, 2
1374, 13, 1, 2
1375, 13, 1, 2
1376, 13, 1, 2
1377, 13, 1, 2
1378, 13, 1, 2
1379, 13, 1, 2
1380, 13, 1, 2
1381, 13, 1, 2
1382, 13, 1, 2
1383, 13, 1, 2
1384, 13, 1, 2
1385, 13, 1, 2
1386, 13, 1, 2
1387, 13, 1, 2
1388, 13, 1, 2
1389, 13, 1, 2
1390, 13, 1, 2
1391, 13, 1, 2
1392, 13, 1, 2
1393, 13, 1, 2
1394, 13, 1, 2
1395, 13, 1, 2
1396, 13, 1, 2
1397, 13, 1, 2
1398, 13, 1, 2
1399, 13, 1, 2
1400, 13, 1, 2
1401, 13, 1, 2
1402, 13, 1, 2
1403, 13, 1, 2
1404, 13, 1, 2
1405, 13, 1, 2
1406, 13, 1, 2
1407, 13, 1, 2
1408, 13, 1, 2
1409, 13, 1, 2
1410, 13, 1, 2
1412, 13, 1, 2
1413, 13, 1, 2
1414, 13, 1, 2
1415, 13, 1, 2
1416, 13, 1, 2
1417, 13, 1, 2
1418, 13, 1, 2
1419, 13, 1, 2
1420, 13, 1, 2
1421, 13, 1, 2
1422, 13, 1, 2
1423, 13, 1, 2
1424, 13, 1, 2
1425, 13, 1, 2
1426, 13, 1, 2
1427, 13, 1, 2
1428, 13, 1, 2
1429, 13, 1, 2
1430, 13, 1, 2
1431, 13, 1, 2
1432, 13, 1, 2
1433, 13, 1, 2
1434, 13, 1, 2
1435, 13, 1, 2
1436, 13, 1, 2
1437, 13, 1, 2
1438, 13, 1, 2
1439, 13, 1, 2
1440, 13, 1, 2
1441, 13, 1, 2
1442, 13, 1, 2
1443, 13, 1, 2
1444, 13, 1, 2
1445, 13, 1, 2
1446, 13, 1, 2
1447, 13, 1, 2
1448, 13, 1, 2
1449, 13, 1, 2
1450, 13, 1, 2
1451, 13, 1, 2
1452, 13, 1, 2
1453, 13, 1, 2
1454, 13, 1, 2
1455, 13, 1, 2
1456, 13, 1, 2
1457, 13, 1, 2
1458, 13, 1, 2
1459, 13, 1, 2
1460, 13, 1, 2
1461, 13, 1, 2
1462, 13, 1, 2
1463, 13, 1, 2
1464, 13, 1, 2
1465, 13, 1, 2
1466, 13, 1, 2
1467, 13, 1, 2
1468, 13, 1, 2
1469, 13, 1, 2
1470, 13, 1, 2
1471, 13, 1, 2
1472, 13, 1, 2
1473, 13, 1, 2
1474, 13, 1, 2
1475, 13, 1, 2
1476, 13, 1, 2
1477, 13, 1, 2
1478, 13, 1, 2
1479, 13, 1, 2
1480, 13, 1, 2
1481, 13, 1, 2
1482, 13, 1, 2
1483, 13, 1, 2
1484, 13, 1, 2
1485, 13, 1, 2
1486, 13, 1, 2
1487, 13, 1, 2
1489, 13, 1, 2
1490, 13, 1, 2
1491, 13, 1, 2
1492, 13, 1, 2
1493, 13, 1, 2
1494, 13, 1, 2
1495, 13, 1, 2
1496, 13, 1, 2
1497, 13, 1, 2
1498, 13, 1, 2
1499, 13, 1, 2
1500, 13, 1, 2
1501, 13, 1, 2
1502, 13, 1, 2
1503, 13, 1, 2
1504, 13, 1, 2
1505, 13, 1, 2
1506, 13, 1, 2
1507, 13, 1, 2
1508, 13, 1, 2
1509, 13, 1, 2
1510, 13, 1, 2
1511, 13, 1, 2
1512, 13, 1, 2
1513, 13, 1, 2
1514, 13, 1, 2
1515, 13, 1, 2
1516, 13, 1, 2
1517, 13, 1, 2
1518, 13, 1, 2
1519, 13, 1, 2
1520, 13, 1, 2
1521, 13, 1, 2
1522, 13, 1, 2
1523, 13, 1, 2
1524, 13, 1, 2
1525, 13, 1, 2
1526, 13, 1, 2
1527, 13, 1, 2
1529, 13, 1, 2
1530, 13, 1, 2
1531, 13, 1, 2
1532, 13, 1, 2
1533, 13, 1, 2
1534, 13, 1, 2
1535, 13, 1, 2
1536, 13, 1, 2
1537, 13, 1, 2
1538, 13, 1, 2
1539, 13, 1, 2
1540, 13, 1, 2
1541, 13, 1, 2
1542, 13, 1, 2
1543, 13, 1, 2
1544, 13, 1, 2
1545, 13, 1, 2
1546, 13, 1, 2
1547, 13, 1, 2
1548, 13, 1, 2
1549, 13, 1, 2
1550, 13, 1, 2
1551, 13, 1, 2
1552, 13, 1, 2
1553, 13, 1, 2
1554, 13, 1, 2
1555, 13, 1, 2
1556, 13, 1, 2
1557, 13, 1, 2
1558, 13, 1, 2
1559, 13, 1, 2
1560, 13, 1, 2
1561, 13, 1, 2
1562, 13, 1, 2
1563, 13, 1, 2
1564, 13, 1, 2
1565, 13, 1, 2
1566, 13, 1, 2
1567, 13, 1, 2
1568, 13, 1, 2
1569, 13, 1, 2
1570, 13, 1, 2
1571, 13, 1, 2
1572, 13, 1, 2
1573, 13, 1, 2
1574, 13, 1, 2
1575, 13, 1, 2
1576, 13, 1, 2
1577, 13, 1, 2
1578, 13, 1, 2
1579, 13, 1, 2
1580, 13, 1, 2
1581, 13, 1, 2
1582, 13, 1, 2
1583, 13, 1, 2
1584, 13, 1, 2
1585, 13, 1, 2
1586, 13, 1, 2
1587, 13, 1, 2
1588, 13, 1, 2
1589, 13, 1, 2
1590, 13, 1, 2
1591, 13, 1, 2
1592, 13, 1, 2
1593, 13, 1, 2
1594, 13, 1, 2
1595, 13, 1, 2
1596, 13, 1, 2
1597, 13, 1, 2
1598, 13, 1, 2
1599, 13, 1, 2
1600, 13, 1, 2
1601, 13, 1, 2
1602, 13, 1, 2
1603, 13, 1, 2
1604, 13, 1, 2
1605, 13, 1, 2
1606, 13, 1, 2
1607, 13, 1, 2
1608, 13, 1, 2
1609, 13, 1, 2
1610, 13, 1, 2
1611, 13, 1, 2
1612, 13, 1, 2
1613, 13, 1, 2
1614, 13, 1, 2
1615, 13, 1, 2
1616, 13, 1, 2
1617, 13, 1, 2
1618, 13, 1, 2
1620, 13, 1, 2
1621, 13, 1, 2
1622, 13, 1, 2
1623, 13, 1, 2
1624, 13, 1, 2
1625, 13, 1, 2
1626, 13, 1, 2
1627, 13, 1, 2
1628, 13, 1, 2
1629, 13, 1, 2
1630, 13, 1, 2
1631, 13, 1, 2
1632, 13, 1, 2
1633, 13, 1, 2
1634, 13, 1, 2
1635, 13, 1, 2
1636, 13, 1, 2
1637, 13, 1, 2
1638, 13, 1, 2
1639, 13, 1, 2
1640, 13, 1, 2
1641, 13, 1, 2
1642, 13, 1, 2
1643, 13, 1, 2
1644, 13, 1, 2
1645, 13, 1, 2
1646, 13, 1, 2
1647, 13, 1, 2
1648, 13, 1, 2
1649, 13, 1, 2
1650, 13, 1, 2
1651, 13, 1, 2
1652, 13, 1, 2
1653, 13, 1, 2
1654, 13, 1, 2
1655, 13, 1, 2
1656, 13, 1, 2
1657, 13, 1, 2
1658, 13, 1, 2
1659, 13, 1, 2
1660, 13, 1, 2
1661, 13, 1, 2
1662, 13, 1, 2
1663, 13, 1, 2
1664, 13, 1, 2
1665, 13, 1, 2
1666, 13, 1, 2
1667, 13, 1, 2
1668, 13, 1, 2
1669, 13, 1, 2
1670, 13, 1, 2
1671, 13, 1, 2
1672, 13, 1, 2
1673, 13, 1, 2
1674, 13, 1, 2
1675, 13, 1, 2
1676, 13, 1, 2
1677, 13, 1, 2
1678, 13, 1, 2
1679, 13, 1, 2
1680, 13, 1, 2
1681, 13, 1, 2
1682, 13, 1, 2
1683, 13, 1, 2
1684, 13, 1, 2
1685, 13, 1, 2
1686, 13, 1, 2
1687, 13, 1, 2
1688, 13, 1, 2
1689, 13, 1, 2
1690, 13, 1, 2
1691, 13, 1, 2
1692, 13, 1, 2
1693, 13, 1, 2
1694, 13, 1, 2
1695, 13, 1, 2
1696, 13, 1, 2
1697, 13, 1, 2
1698, 13, 1, 2
1699, 13, 1, 2
1700, 13, 1, 2
1701, 13, 1, 2
1702, 13, 1, 2
1703, 13, 1, 2
1704, 13, 1, 2
1705, 13, 1, 2
1706, 13, 1, 2
1707, 13, 1, 2
1708, 13, 1, 2
1709, 13, 1, 2
1712, 13, 1, 2
1713, 13, 1, 2
1714, 13, 1, 2
1715, 13, 1, 2
1716, 13, 1, 2
1717, 13, 1, 2
1718, 13, 1, 2
1719, 13, 1, 2
1720, 13, 1, 2
1721, 13, 1, 2
1722, 13, 1, 2
1723, 13, 1, 2
1724, 13, 1, 2
1725, 13, 1, 2
1726, 13, 1, 2
1727, 13, 1, 2
1728, 13, 1, 2
1729, 13, 1, 2
1730, 13, 1, 2
1731, 13, 1, 2
1732, 13, 1, 2
1733, 13, 1, 2
1734, 13, 1, 2
1735, 13, 1, 2
1736, 13, 1, 2
1737, 13, 1, 2
1738, 13, 1, 2
1739, 13, 1, 2
1740, 13, 1, 2
1741, 13, 1, 2
1742, 13, 1, 2
1743, 13, 1, 2
1744, 13, 1, 2
1745, 13, 1, 2
1746, 13, 1, 2
1747, 13, 1, 2
1748, 13, 1, 2
1749, 13, 1, 2
1750, 13, 1, 2
1751, 13, 1, 2
1752, 13, 2, 3
1753, 13, 2, 3
1754, 13, 2, 3
1755, 13, 2, 3
1756, 13, 2, 3
1757, 13, 2, 3
1758, 13, 2, 3
1759, 13, 2, 3
1760, 13, 2, 3
1761, 13, 2, 3
1763, 13, 2, 3
1764, 13, 2, 3
1765, 13, 2, 3
1766, 13, 2, 3
1767, 13, 2, 3
1768, 13, 2, 3
1769, 13, 2, 3
1770, 13, 2, 3
1771, 13, 2, 3
1772, 13, 2, 3
1773, 13, 2, 3
1774, 13, 2, 3
1775, 13, 2, 3
1776, 13, 2, 3
1777, 13, 2, 3
1779, 13, 2, 3
1780, 13, 2, 3
1781, 13, 2, 3
1782, 13, 2, 3
1783, 13, 2, 3
1784, 13, 2, 3
1785, 13, 2, 3
1786, 13, 2, 3
1787, 13, 2, 3
1788, 13, 2, 3
1789, 13, 2, 3
1790, 13, 2, 3
1791, 13, 2, 3
1792, 13, 2, 3
1793, 13, 2, 3
1794, 13, 2, 3
1795, 13, 2, 3
1796, 13, 2, 3
1797, 13, 2, 3
1798, 13, 2, 3
1799, 13, 2, 3
1800, 13, 2, 3
1801, 13, 2, 3
1802, 13, 2, 3
1803, 13, 2, 3
1804, 13, 2, 3
1805, 13, 2, 3
1806, 13, 2, 3
1807, 13, 2, 3
1808, 13, 2, 3
1809, 13, 2, 3
1810, 13, 2, 3
1811, 13, 2, 3
1812, 13, 2, 3
1813, 13, 2, 3
1814, 13, 2, 3
1815, 13, 2, 3
1816, 13, 2, 3
1817, 13, 2, 3
1818, 13, 2, 3
1819, 13, 2, 3
1820, 13, 2, 3
1821, 13, 2, 3
1822, 13, 2, 3
1823, 13, 2, 3
1824, 13, 2, 3
1825, 13, 2, 3
1826, 13, 2, 3
1827, 13, 2, 3
1828, 13, 2, 3
1829, 13, 2, 3
1830, 13, 2, 3
1831, 13, 2, 3
1832, 13, 2, 3
1833, 13, 2, 3
1834, 13, 2, 3
1835, 13, 2, 3
1836, 13, 2, 3
1837, 13, 2, 3
1838, 13, 2, 3
1840, 13, 2, 3
1841, 13, 2, 3
1842, 13, 2, 3
1843, 13, 2, 3
1844, 13, 2, 3
1845, 13, 2, 3
1846, 13, 2, 3
1847, 13, 2, 3
1848, 13, 2, 3
1849, 13, 2, 3
1850, 13, 2, 3
1851, 13, 2, 3
1852, 13, 2, 3
1853, 13, 2, 3
1854, 13, 2, 3
1855, 13, 2, 3
1856, 13, 2, 3
1857, 13, 2, 3
1858, 13, 2, 3
1859, 13, 2, 3
1860, 13, 2, 3
1861, 13, 2, 3
1862, 13, 2, 3
1863, 13, 2, 3
1864, 13, 2, 3
1865, 13, 2, 3
1866, 13, 2, 3
1867, 13, 2, 3
1868, 13, 2, 3
1869, 13, 2, 3
1870, 13, 2, 3
1871, 13, 2, 3
1872, 13, 2, 3
1873, 13, 2, 3
1874, 13, 2, 3
1875, 13, 2, 3
1876, 13, 2, 3
1877, 13, 2, 3
1878, 13, 2, 3
1879, 13, 2, 3
1880, 13, 2, 3
1881, 13, 2, 3
1882, 13, 2, 3
1883, 13, 2, 3
1884, 13, 2, 3
1885, 13, 2, 3
1886, 13, 2, 3
1888, 13, 2, 3
1890, 13, 2, 3
1891, 13, 2, 3
1892, 13, 2, 3
1893, 13, 2, 3
1894, 13, 2, 3
1895, 13, 2, 3
1896, 13, 2, 3
1897, 13, 2, 3
1898, 13, 2, 3
1899, 13, 2, 3
1900, 13, 2, 3
1901, 13, 2, 3
1902, 13, 2, 3
1903, 13, 2, 3
1904, 13, 2, 3
1905, 13, 2, 3
1906, 13, 2, 3
1907, 13, 2, 3
1908, 13, 2, 3
1909, 13, 2, 3
1910, 13, 2, 3
1911, 13, 2, 3
1912, 13, 2, 3
1913, 13, 2, 3
1914, 13, 2, 3
1915, 13, 2, 3
1916, 13, 2, 3
1917, 13, 2, 3
1918, 13, 2, 3
1919, 13, 2, 3
1920, 13, 2, 3
1921, 13, 2, 3
1922, 13, 2, 3
1923, 13, 2, 3
1924, 13, 2, 3
1925, 13, 2, 3
1926, 13, 2, 3
1928, 13, 2, 3
1929, 13, 2, 3
1930, 13, 2, 3
1931, 13, 2, 3
1932, 13, 2, 3
1933, 13, 2, 3
1934, 13, 2, 3
1935, 13, 2, 3
1936, 13, 2, 3
1937, 13, 2, 3
1938, 13, 2, 3
1939, 13, 2, 3
1940, 13, 2, 3
1941, 13, 2, 3
1942, 13, 2, 3
1943, 13, 2, 3
1944, 13, 2, 3
1945, 13, 2, 3
1946, 13, 2, 3
1947, 13, 2, 3
1948, 13, 2, 3
1949, 13, 2, 3
1950, 13, 2, 3
1951, 13, 2, 3
1952, 13, 2, 3
1953, 13, 2, 3
1954, 13, 2, 3
1955, 13, 2, 3
1956, 13, 2, 3
1957, 13, 2, 3
1958, 13, 2, 3
1959, 13, 2, 3
1960, 13, 2, 3
1961, 13, 2, 3
1962, 13, 2, 3
1963, 13, 2, 3
1964, 13, 2, 3
1965, 13, 2, 3
1966, 13, 2, 3
1967, 13, 2, 3
1968, 13, 2, 3
1969, 13, 2, 3
1970, 13, 2, 3
1971, 13, 2, 3
1972, 13, 2, 3
1973, 13, 2, 3
1974, 13, 2, 3
1975, 13, 2, 3
1976, 13, 2, 3
1977, 13, 2, 3
1978, 13, 2, 3
1979, 13, 2, 3
1980, 13, 2, 3
1981, 13, 2, 3
1982, 13, 2, 3
1983, 13, 2, 3
1984, 13, 2, 3
1985, 13, 2, 3
1986, 13, 2, 3
1987, 13, 2, 3
1988, 13, 2, 3
1989, 13, 2, 3
1990, 13, 2, 3
1991, 13, 2, 3
1992, 13, 2, 3
1993, 13, 2, 3
1994, 13, 2, 3
1995, 13, 2, 3
1996, 13, 2, 3
1997, 13, 2, 3
1998, 13, 2, 3
1999, 13, 2, 3
2000, 13, 2, 3
2001, 13, 2, 3
2002, 13, 2, 3
2003, 13, 2, 3
2004, 13, 2, 3
2005, 13, 2, 3
2006, 13, 2, 3
2007, 13, 2, 3
2008, 13, 2, 3
2009, 13, 2, 3
2010, 13, 2, 3
2011, 13, 2, 3
2012, 13, 2, 3
2013, 13, 2, 3
2014, 13, 2, 3
2015, 13, 2, 3
2016, 13, 2, 3
2017, 13, 2, 3
2018, 13, 2, 3
2019, 13, 2, 3
2020, 13, 2, 3
2021, 13, 2, 3
2022, 13, 2, 3
2023, 13, 2, 3
2024, 13, 2, 3
2025, 13, 2, 3
2026, 13, 2, 3
2027, 13, 2, 3
2028, 13, 2, 3
2029, 13, 2, 3
2030, 13, 2, 3
2031, 13, 2, 3
2032, 13, 2, 3
2033, 13, 2, 3
2034, 13, 2, 3
2035, 13, 2, 3
2036, 13, 2, 3
2037, 13, 2, 3
2038, 13, 2, 3
2039, 13, 2, 3
2040, 13, 2, 3
2041, 13, 2, 3
2042, 13, 2, 3
2043, 13, 2, 3
2044, 13, 2, 3
2045, 13, 2, 3
2046, 13, 2, 3
2047, 13, 2, 3
2048, 13, 2, 3
2049, 13, 2, 3
2050, 13, 2, 3
2051, 13, 2, 3
2052, 13, 2, 3
2053, 13, 2, 3
2054, 13, 2, 3
2055, 13, 2, 3
2056, 13, 2, 3
2057, 13, 2, 3
2058, 13, 2, 3
2059, 13, 2, 3
2060, 13, 2, 3
2061, 13, 2, 3
2062, 13, 2, 3
2063, 13, 2, 3
2064, 13, 2, 3
2065, 13, 2, 3
2066, 13, 2, 3
2067, 13, 2, 3
2068, 13, 2, 3
2069, 13, 2, 3
2070, 13, 2, 3
2071, 13, 2, 3
2072, 13, 2, 3
2073, 13, 2, 3
2074, 13, 2, 3
2075, 13, 2, 3
2076, 13, 2, 3
2077, 13, 2, 3
2078, 13, 2, 3
2079, 13, 2, 3
2080, 13, 2, 3
2081, 13, 2, 3
2082, 13, 2, 3
2083, 13, 2, 3
2084, 13, 2, 3
2085, 13, 2, 3
2086, 13, 2, 3
2087, 13, 2, 3
2088, 13, 2, 3
2089, 13, 2, 3
2090, 13, 2, 3
2091, 13, 2, 3
2092, 13, 2, 3
2093, 13, 2, 3
2094, 13, 2, 3
2095, 13, 2, 3
2096, 13, 2, 3
2097, 13, 2, 3
2098, 13, 2, 3
2099, 13, 2, 3
2100, 13, 2, 3
2101, 13, 2, 3
2102, 13, 2, 3
2103, 13, 2, 3
2104, 13, 2, 3
2105, 13, 2, 3
2106, 13, 2, 3
2107, 13, 2, 3
2108, 13, 2, 3
2109, 13, 2, 3
2110, 13, 2, 3
2111, 13, 2, 3
2112, 13, 2, 3
2113, 13, 2, 3
2114, 13, 2, 3
2115, 13, 2, 3
2116, 13, 2, 3
2117, 13, 2, 3
2118, 13, 2, 3
2119, 13, 2, 3
2120, 13, 2, 3
2121, 13, 2, 3
2122, 13, 2, 3
2123, 13, 2, 3
2124, 13, 2, 3
2125, 13, 2, 3
2126, 13, 2, 3
2127, 13, 2, 3
2128, 13, 2, 3
2129, 13, 2, 3
2130, 13, 2, 3
2131, 13, 2, 3
2132, 13, 2, 3
2133, 13, 2, 3
2135, 13, 2, 3
2136, 13, 2, 3
2137, 13, 2, 3
2138, 13, 2, 3
2139, 13, 2, 3
2140, 13, 2, 3
2141, 13, 2, 3
2142, 13, 2, 3
2143, 13, 2, 3
2144, 13, 2, 3
2145, 13, 2, 3
2146, 13, 2, 3
2147, 13, 2, 3
2148, 13, 2, 3
2149, 13, 2, 3
2150, 13, 2, 3
2151, 13, 2, 3
2152, 13, 2, 3
2153, 13, 2, 3
2154, 13, 2, 3
2155, 13, 2, 3
2156, 13, 2, 3
2157, 13, 2, 3
2158, 13, 2, 3
2159, 13, 2, 3
2160, 13, 2, 3
2161, 13, 2, 3
2162, 13, 2, 3
2163, 13, 2, 3
2164, 13, 2, 3
2165, 13, 2, 3
2166, 13, 2, 3
2167, 13, 2, 3
2168, 13, 2, 3
2169, 13, 2, 3
2170, 13, 2, 3
2171, 13, 2, 3
2172, 13, 2, 3
2173, 13, 2, 3
2174, 13, 2, 3
2175, 13, 2, 3
2176, 13, 2, 3
2177, 13, 2, 3
2178, 13, 2, 3
2179, 13, 2, 3
2180, 13, 2, 3
2181, 13, 2, 3
2182, 13, 2, 3
2183, 13, 2, 3
2184, 13, 2, 3
2185, 13, 2, 3
2186, 13, 2, 3
2187, 13, 2, 3
2188, 13, 2, 3
2189, 13, 2, 3
2190, 13, 2, 3
2191, 13, 2, 3
2192, 13, 2, 3
2193, 13, 2, 3
2194, 13, 2, 3
2195, 13, 2, 3
2196, 13, 2, 3
2197, 13, 2, 3
2198, 13, 2, 3
2199, 13, 2, 3
2200, 13, 2, 3
2201, 13, 2, 3
2202, 13, 2, 3
2203, 13, 2, 3
2204, 13, 2, 3
2205, 13, 2, 3
2206, 13, 2, 3
2207, 13, 2, 3
2208, 13, 2, 3
2209, 13, 2, 3
2210, 13, 2, 3
2211, 13, 2, 3
2212, 13, 2, 3
2213, 13, 2, 3
2214, 13, 2, 3
2215, 13, 2, 3
2216, 13, 2, 3
2217, 13, 2, 3
2218, 13, 2, 3
2219, 13, 2, 3
2220, 13, 2, 3
2221, 13, 2, 3
2222, 13, 2, 3
2223, 13, 2, 3
2224, 13, 2, 3
2225, 13, 2, 3
2226, 13, 2, 3
2227, 13, 2, 3
2228, 13, 2, 3
2229, 13, 2, 3
2230, 13, 2, 3
2231, 13, 2, 3
2232, 13, 2, 3
2233, 13, 2, 3
2234, 13, 2, 3
2235, 13, 2, 3
2236, 13, 2, 3
2237, 13, 2, 3
2238, 13, 2, 3
2239, 13, 2, 3
2240, 13, 2, 3
2241, 13, 2, 3
2242, 13, 2, 3
2243, 13, 2, 3
2244, 13, 2, 3
2245, 13, 2, 3
2246, 13, 2, 3
2247, 13, 2, 3
2248, 13, 2, 3
2249, 13, 2, 3
2250, 13, 2, 3
2251, 13, 2, 3
2252, 13, 2, 3
2253, 13, 2, 3
2254, 13, 2, 3
2255, 13, 2, 3
2256, 13, 2, 3
2257, 13, 2, 3
2258, 13, 2, 3
2259, 13, 2, 3
2260, 13, 2, 3
2261, 13, 2, 3
2262, 13, 2, 3
2263, 13, 2, 3
2264, 13, 2, 3
2265, 13, 2, 3
2266, 13, 2, 3
2267, 13, 2, 3
2268, 13, 2, 3
2269, 13, 2, 3
2270, 13, 2, 3
2271, 13, 2, 3
2272, 13, 2, 3
2273, 13, 2, 3
2274, 13, 2, 3
2275, 13, 2, 3
2276, 13, 2, 3
2277, 13, 2, 3
2278, 13, 2, 3
2279, 13, 2, 3
2280, 13, 2, 3
2281, 13, 2, 3
2282, 13, 2, 3
2283, 13, 2, 3
2284, 13, 2, 3
2285, 13, 2, 3
2286, 13, 2, 3
2287, 13, 2, 3
2288, 13, 2, 3
2289, 13, 2, 3
2290, 13, 2, 3
2291, 13, 2, 3
2292, 13, 2, 3
2293, 13, 2, 3
2294, 13, 2, 3
2295, 13, 2, 3
2296, 13, 2, 3
2297, 13, 2, 3
2298, 13, 2, 3
2299, 13, 2, 3
2300, 13, 2, 3
2301, 13, 2, 3
2302, 13, 2, 3
2303, 13, 2, 3
2304, 13, 2, 3
2305, 13, 2, 3
2306, 13, 2, 3
2307, 13, 2, 3
2308, 13, 2, 3
2309, 13, 2, 3
2310, 13, 2, 3
2311, 13, 2, 3
2312, 13, 2, 3
2313, 13, 2, 3
2314, 13, 2, 3
2315, 13, 2, 3
2316, 13, 2, 3
2317, 13, 2, 3
2319, 13, 2, 3
2320, 13, 2, 3
2322, 13, 2, 3
2323, 13, 2, 3
2324, 13, 2, 3
2325, 13, 2, 3
2326, 13, 2, 3
2327, 13, 2, 3
2328, 13, 2, 3
2329, 13, 2, 3
2330, 13, 2, 3
2331, 13, 2, 3
2332, 13, 2, 3
2333, 13, 2, 3
2334, 13, 2, 3
2335, 13, 2, 3
2336, 13, 2, 3
2337, 13, 2, 3
2338, 13, 2, 3
2339, 13, 2, 3
2340, 13, 2, 3
2341, 13, 2, 3
2342, 13, 2, 3
2343, 13, 2, 3
2344, 13, 2, 3
2345, 13, 2, 3
2346, 13, 2, 3
2347, 13, 2, 3
2348, 13, 2, 3
2349, 13, 2, 3
2350, 13, 2, 3
2351, 13, 2, 3
2352, 13, 2, 3
2353, 13, 2, 3
2354, 13, 2, 3
2355, 13, 2, 3
2356, 13, 2, 3
2357, 13, 2, 3
2358, 13, 2, 3
2359, 13, 2, 3
2360, 13, 2, 3
2361, 13, 2, 3
2362, 13, 2, 3
2363, 13, 2, 3
2364, 13, 2, 3
2365, 13, 2, 3
2366, 13, 2, 3
2367, 13, 2, 3
2368, 13, 2, 3
2369, 13, 2, 3
2370, 13, 2, 3
2371, 13, 2, 3
2372, 13, 2, 3
2373, 13, 2, 3
2374, 13, 2, 3
2375, 13, 2, 3
2376, 13, 2, 3
2377, 13, 2, 3
2378, 13, 2, 3
2379, 13, 2, 3
2380, 13, 2, 3
2381, 13, 2, 3
2382, 13, 2, 3
2383, 13, 2, 3
2384, 13, 2, 3
2385, 13, 2, 3
2386, 13, 2, 3
2387, 13, 2, 3
2388, 13, 2, 3
2389, 13, 2, 3
2390, 13, 2, 3
2391, 13, 2, 3
2392, 13, 2, 3
2393, 13, 2, 3
2394, 13, 2, 3
2395, 13, 2, 3
2396, 13, 2, 3
2397, 13, 2, 3
2398, 13, 2, 3
2399, 13, 2, 3
2400, 13, 2, 3
2401, 13, 2, 3
2402, 13, 2, 3
2403, 13, 2, 3
2404, 13, 2, 3
2405, 13, 2, 3
2406, 13, 2, 3
2407, 13, 2, 3
2408, 13, 2, 3
2409, 13, 2, 3
2410, 13, 2, 3
2411, 13, 2, 3
2412, 13, 2, 3
2413, 13, 2, 3
2414, 13, 2, 3
2415, 13, 2, 3
2416, 13, 2, 3
2417, 13, 2, 3
2418, 13, 2, 3
2419, 13, 2, 3
2420, 13, 2, 3
2421, 13, 2, 3
2422, 13, 2, 3
2423, 13, 2, 3
2424, 13, 2, 3
2425, 13, 2, 3
2426, 13, 2, 3
2427, 13, 2, 3
2428, 13, 2, 3
2429, 13, 2, 3
2430, 13, 2, 3
2431, 13, 2, 3
2432, 13, 2, 3
2433, 13, 2, 3
2434, 13, 2, 3
2435, 13, 2, 3
2436, 13, 2, 3
2437, 13, 2, 3
2438, 13, 2, 3
2439, 13, 2, 3
2440, 13, 2, 3
2441, 13, 2, 3
2442, 13, 2, 3
2443, 13, 2, 3
2444, 13, 2, 3
2445, 13, 2, 3
2446, 13, 2, 3
2447, 13, 2, 3
2448, 13, 2, 3
2449, 13, 2, 3
2450, 13, 2, 3
2451, 13, 2, 3
2452, 13, 2, 3
2453, 13, 2, 3
2454, 13, 2, 3
2455, 13, 2, 3
2456, 13, 2, 3
2457, 13, 2, 3
2458, 13, 2, 3
2459, 13, 2, 3
2460, 13, 2, 3
2461, 13, 2, 3
2462, 13, 2, 3
2463, 13, 2, 3
2464, 13, 2, 3
2465, 13, 2, 3
2466, 13, 2, 3
2467, 13, 2, 3
2468, 13, 2, 3
2469, 13, 2, 3
2470, 13, 2, 3
2471, 13, 2, 3
2472, 13, 2, 3
2473, 13, 2, 3
2474, 13, 2, 3
2475, 13, 2, 3
2476, 13, 2, 4
2477, 13, 2, 4
2478, 13, 2, 4
2479, 13, 2, 4
2481, 13, 2, 4
2483, 13, 2, 4
2484, 13, 2, 4
2485, 13, 2, 4
2486, 13, 2, 4
2488, 13, 2, 4
2489, 13, 2, 4
2490, 13, 2, 4
2491, 13, 2, 4
2492, 13, 2, 4
2493, 13, 2, 4
2494, 13, 2, 4
2495, 13, 2, 4
2496, 13, 2, 4
2497, 13, 2, 4
2499, 13, 2, 4
2500, 13, 2, 4
2501, 13, 2, 4
2502, 13, 2, 4
2503, 13, 2, 4
2504, 13, 2, 4
2505, 13, 2, 4
2506, 13, 2, 4
2507, 13, 2, 4
2508, 13, 2, 4
2509, 13, 2, 4
2512, 13, 2, 4
2513, 13, 2, 4
2514, 13, 2, 4
2515, 13, 2, 4
2516, 13, 2, 4
2517, 13, 2, 4
2518, 13, 2, 4
2519, 13, 2, 4
2520, 13, 2, 4
2521, 13, 2, 4
2522, 13, 2, 4
2523, 13, 2, 4
2524, 13, 2, 4
2525, 13, 2, 4
2526, 13, 2, 4
2527, 13, 2, 4
2528, 13, 2, 4
2529, 13, 2, 4
2531, 13, 2, 4
2532, 13, 2, 4
2533, 13, 2, 4
2534, 13, 2, 4
2535, 13, 2, 4
2536, 13, 2, 4
2537, 13, 2, 4
2538, 13, 2, 4
2539, 13, 2, 4
2540, 13, 2, 4
2541, 13, 2, 4
2542, 13, 2, 4
2543, 13, 2, 4
2544, 13, 2, 4
2545, 13, 2, 4
2546, 13, 2, 4
2547, 13, 2, 4
2548, 13, 2, 4
2549, 13, 2, 4
2550, 13, 2, 4
2551, 13, 2, 4
2552, 13, 2, 4
2553, 13, 2, 4
2554, 13, 2, 4
2555, 13, 2, 4
2556, 13, 2, 4
2557, 13, 2, 4
2558, 13, 2, 4
2559, 13, 2, 4
2560, 13, 2, 4
2561, 13, 2, 4
2562, 13, 2, 4
2563, 13, 2, 4
2564, 13, 2, 4
2565, 13, 2, 4
2566, 13, 2, 4
2567, 13, 2, 4
2568, 13, 2, 4
2569, 13, 2, 4
2570, 13, 2, 4
2571, 13, 2, 4
2572, 13, 2, 4
2573, 13, 2, 4
2574, 13, 2, 4
2575, 13, 2, 4
2576, 13, 2, 4
2577, 13, 2, 4
2578, 13, 2, 4
2579, 13, 2, 4
2580, 13, 2, 4
2581, 13, 2, 4
2582, 13, 2, 4
2583, 13, 2, 4
2584, 13, 2, 4
2585, 13, 2, 4
2586, 13, 2, 4
2587, 13, 2, 4
2588, 13, 2, 4
2589, 13, 2, 4
2591, 13, 2, 4
2592, 13, 2, 4
2595, 13, 2, 4
2596, 13, 2, 4
2597, 13, 2, 4
2598, 13, 2, 4
2599, 13, 2, 4
2600, 13, 2, 4
2601, 13, 2, 4
2602, 13, 2, 4
2603, 13, 2, 4
2604, 13, 2, 4
2605, 13, 2, 4
2606, 13, 2, 4
2607, 13, 2, 4
2608, 13, 2, 4
2609, 13, 2, 4
2610, 13, 2, 4
2611, 13, 2, 4
2612, 13, 2, 4
2613, 13, 2, 4
2614, 13, 2, 4
2615, 13, 2, 4
2616, 13, 2, 4
2617, 13, 2, 4
2618, 13, 2, 4
2619, 13, 2, 4
2620, 13, 2, 4
2621, 13, 2, 4
2622, 13, 2, 4
2623, 13, 2, 4
2624, 13, 2, 4
2625, 13, 2, 4
2626, 13, 2, 4
2627, 13, 2, 4
2628, 13, 2, 4
2629, 13, 2, 4
2630, 13, 2, 4
2631, 13, 2, 4
2632, 13, 2, 4
2633, 13, 2, 4
2634, 13, 2, 4
2635, 13, 2, 4
2636, 13, 2, 4
2637, 13, 2, 4
2638, 13, 2, 4
2639, 13, 2, 4
2640, 13, 2, 4
2641, 13, 2, 4
2642, 13, 2, 4
2643, 13, 2, 4
2644, 13, 2, 4
2645, 13, 2, 4
2646, 13, 2, 4
2647, 13, 2, 4
2648, 13, 2, 4
2649, 13, 2, 4
2650, 13, 2, 4
2651, 13, 2, 4
2652, 13, 2, 4
2653, 13, 2, 4
2654, 13, 2, 4
2655, 13, 2, 4
2656, 13, 2, 4
2657, 13, 2, 4
2658, 13, 2, 4
2659, 13, 2, 4
2660, 13, 2, 4
2661, 13, 2, 4
2662, 13, 2, 4
2663, 13, 2, 4
2664, 13, 2, 4
2665, 13, 2, 4
2666, 13, 2, 4
2667, 13, 2, 4
2668, 13, 2, 4
2669, 13, 2, 4
2670, 13, 2, 4
2671, 13, 2, 4
2672, 13, 2, 4
2673, 13, 2, 4
2674, 13, 2, 4
2675, 13, 2, 4
2676, 13, 2, 4
2677, 13, 2, 4
2678, 13, 2, 4
2680, 13, 2, 4
2681, 13, 2, 4
2682, 13, 2, 4
2683, 13, 2, 4
2684, 13, 2, 4
2685, 13, 2, 4
2686, 13, 2, 4
2687, 13, 2, 4
2688, 13, 2, 4
2689, 13, 2, 4
2690, 13, 2, 4
2691, 13, 2, 4
2692, 13, 2, 4
2693, 13, 2, 4
2694, 13, 2, 4
2695, 13, 2, 4
2696, 13, 2, 4
2697, 13, 2, 4
2698, 13, 2, 4
2699, 13, 2, 4
2700, 13, 2, 4
2701, 13, 2, 4
2702, 13, 2, 4
2703, 13, 2, 4
2704, 13, 2, 4
2705, 13, 2, 4
2706, 13, 2, 4
2707, 13, 2, 4
2708, 13, 2, 4
2709, 13, 2, 4
2710, 13, 2, 4
2711, 13, 2, 4
2712, 13, 2, 4
2713, 13, 2, 4
2714, 13, 2, 4
2715, 13, 2, 4
2716, 13, 2, 4
2717, 13, 2, 4
2718, 13, 2, 4
2719, 13, 2, 4
2720, 13, 2, 4
2721, 13, 2, 4
2722, 13, 2, 4
2723, 13, 2, 4
2724, 13, 2, 4
2725, 13, 2, 4
2726, 13, 2, 4
2727, 13, 2, 4
2728, 13, 2, 4
2729, 13, 2, 4
2730, 13, 2, 4
2731, 13, 2, 4
2732, 13, 2, 4
2733, 13, 2, 4
2734, 13, 2, 4
2735, 13, 2, 4
2736, 13, 2, 4
2737, 13, 2, 4
2738, 13, 2, 4
2739, 13, 2, 4
2740, 13, 2, 4
2741, 13, 2, 4
2742, 13, 2, 4
2743, 13, 2, 4
2744, 13, 2, 4
2745, 13, 2, 4
2746, 13, 2, 4
2747, 13, 2, 4
2748, 13, 2, 4
2749, 13, 2, 4
2750, 13, 2, 4
2751, 13, 2, 4
2752, 13, 2, 4
2753, 13, 2, 4
2754, 13, 2, 4
2755, 13, 2, 4
2756, 13, 2, 4
2757, 13, 2, 4
2758, 13, 2, 4
2759, 13, 2, 4
2760, 13, 2, 4
2761, 13, 2, 4
2762, 13, 2, 4
2763, 13, 2, 4
2764, 13, 2, 4
2765, 13, 2, 4
2766, 13, 2, 4
2767, 13, 2, 4
2768, 13, 2, 4
2769, 13, 2, 4
2770, 13, 2, 4
2771, 13, 2, 4
2772, 13, 2, 4
2773, 13, 2, 4
2774, 13, 2, 4
2775, 13, 2, 4
2776, 13, 2, 4
2777, 13, 2, 4
2778, 13, 2, 4
2779, 13, 2, 4
2780, 13, 2, 4
2781, 13, 2, 4
2782, 13, 2, 4
2783, 13, 2, 4
2784, 13, 2, 4
2785, 13, 2, 4
2786, 13, 2, 4
2787, 13, 2, 4
2788, 13, 2, 4
2789, 13, 2, 4
2790, 13, 2, 4
2791, 13, 2, 4
2792, 13, 2, 4
2793, 13, 2, 4
2794, 13, 2, 4
2795, 13, 2, 4
2796, 13, 2, 4
2797, 13, 2, 4
2798, 13, 2, 4
2799, 13, 2, 4
2800, 13, 2, 4
2801, 13, 2, 4
2802, 13, 2, 4
2803, 13, 2, 4
2804, 13, 2, 4
2805, 13, 2, 4
2806, 13, 2, 4
2807, 13, 2, 4
2808, 13, 2, 4
2809, 13, 2, 4
2810, 13, 2, 4
2811, 13, 2, 4
2812, 13, 2, 4
2814, 13, 2, 4
2815, 13, 2, 4
2816, 13, 2, 4
2817, 13, 2, 4
2818, 13, 2, 4
2819, 13, 2, 4
2820, 13, 2, 4
2821, 13, 2, 4
2822, 13, 2, 4
2823, 13, 2, 4
2824, 13, 2, 4
2825, 13, 2, 4
2826, 13, 2, 4
2827, 13, 2, 4
2828, 13, 2, 4
2829, 13, 2, 4
2830, 13, 2, 4
2831, 13, 2, 4
2832, 13, 2, 4
2833, 13, 2, 4
2834, 13, 2, 4
2835, 13, 2, 4
2836, 13, 2, 4
2837, 13, 2, 4
2838, 13, 2, 4
2839, 13, 2, 4
2840, 13, 2, 4
2841, 13, 2, 4
2842, 13, 2, 4
2843, 13, 2, 4
2844, 13, 2, 4
2845, 13, 2, 4
2846, 13, 2, 4
2847, 13, 2, 4
2848, 13, 2, 4
2849, 13, 2, 4
2850, 13, 2, 4
2851, 13, 2, 4
2852, 13, 2, 4
2853, 13, 2, 4
2854, 13, 2, 4
2855, 13, 2, 4
2856, 13, 2, 4
2857, 13, 2, 4
2858, 13, 2, 4
2859, 13, 2, 4
2860, 13, 2, 4
2861, 13, 2, 4
2862, 13, 2, 4
2863, 13, 2, 4
2864, 13, 2, 4
2865, 13, 2, 4
2866, 13, 2, 4
2867, 13, 2, 4
2868, 13, 2, 4
2869, 13, 2, 4
2870, 13, 2, 4
2871, 13, 2, 4
2872, 13, 2, 4
2873, 13, 2, 4
2874, 13, 2, 4
2875, 13, 2, 4
2876, 13, 2, 4
2877, 13, 2, 4
2878, 13, 2, 4
2879, 13, 2, 4
2880, 13, 2, 4
2881, 13, 2, 4
2882, 13, 2, 4
2883, 13, 2, 4
2884, 13, 2, 4
2885, 13, 2, 4
2886, 13, 2, 4
2887, 13, 2, 4
2888, 13, 2, 4
2889, 13, 2, 4
2890, 13, 2, 4
2891, 13, 2, 4
2892, 13, 2, 4
2893, 13, 2, 4
2894, 13, 2, 4
2895, 13, 2, 4
2896, 13, 2, 4
2897, 13, 2, 4
2898, 13, 2, 4
2899, 13, 2, 4
2900, 13, 2, 4
2901, 13, 2, 4
2902, 13, 2, 4
2903, 13, 2, 4
2904, 13, 2, 4
2905, 13, 2, 4
2906, 13, 2, 4
2907, 13, 2, 4
2908, 13, 2, 4
2909, 13, 2, 4
2910, 13, 2, 4
2911, 13, 2, 4
2912, 13, 2, 4
2913, 13, 2, 4
2914, 13, 2, 4
2915, 13, 2, 4
2916, 13, 2, 4
2917, 13, 2, 4
2918, 13, 2, 4
2919, 13, 2, 4
2920, 13, 2, 4
2921, 13, 2, 4
2922, 13, 2, 4
2923, 13, 2, 4
2924, 13, 2, 4
2925, 13, 2, 4
2926, 13, 2, 4
2927, 13, 2, 4
2928, 13, 2, 4
2929, 13, 2, 4
2930, 13, 2, 4
2931, 13, 2, 4
2932, 13, 2, 4
2933, 13, 2, 4
2934, 13, 2, 4
2935, 13, 2, 4
2936, 13, 2, 4
2937, 13, 2, 4
2938, 13, 2, 4
2939, 13, 2, 4
2940, 13, 2, 4
2941, 13, 2, 4
2942, 13, 2, 4
2943, 13, 2, 4
2944, 13, 2, 4
2945, 13, 2, 4
2946, 13, 2, 4
2947, 13, 2, 4
2948, 13, 2, 4
2949, 13, 2, 4
2950, 13, 2, 4
2951, 13, 2, 4
2952, 13, 2, 4
2953, 13, 2, 4
2954, 13, 2, 4
2955, 13, 2, 4
2956, 13, 2, 4
2957, 13, 2, 4
2958, 13, 2, 4
2959, 13, 2, 4
2960, 13, 2, 4
2961, 13, 2, 4
2962, 13, 2, 4
2963, 13, 2, 4
2964, 13, 2, 4
2965, 13, 2, 4
2966, 13, 2, 4
2967, 13, 2, 4
2968, 13, 2, 4
2969, 13, 2, 4
2970, 13, 2, 4
2971, 13, 2, 4
2972, 13, 2, 4
2973, 13, 2, 4
2974, 13, 2, 4
2975, 13, 2, 4
2976, 13, 2, 4
2977, 13, 2, 4
2978, 13, 2, 4
2979, 13, 2, 4
2981, 13, 2, 4
2982, 13, 2, 4
2983, 13, 2, 4
2984, 13, 2, 4
2985, 13, 2, 4
2986, 13, 2, 4
2987, 13, 2, 4
2988, 13, 2, 4
2989, 13, 2, 4
2990, 13, 2, 4
2991, 13, 2, 4
2992, 13, 2, 4
2993, 13, 2, 4
2994, 13, 2, 4
2995, 13, 2, 4
2996, 13, 2, 4
2997, 13, 2, 4
2998, 13, 2, 4
2999, 13, 2, 4
3000, 13, 2, 4
3001, 13, 2, 4
3002, 13, 2, 4
3003, 13, 2, 4
3004, 13, 2, 4
3005, 13, 2, 4
3006, 13, 2, 4
3007, 13, 2, 4
3008, 13, 2, 4
3009, 13, 2, 4
3010, 13, 2, 4
3011, 13, 2, 4
3012, 13, 2, 4
3013, 13, 2, 4
3014, 13, 2, 4
3015, 13, 2, 4
3016, 13, 2, 4
3017, 13, 2, 4
3018, 13, 2, 4
3019, 13, 2, 4
3020, 13, 2, 4
3021, 13, 2, 4
3023, 13, 2, 4
3024, 13, 2, 4
3025, 13, 2, 4
3026, 13, 2, 4
3027, 13, 2, 4
3028, 13, 2, 4
3029, 13, 2, 4
3030, 13, 2, 4
3031, 13, 2, 4
3032, 13, 2, 4
3033, 13, 2, 4
3034, 13, 2, 4
3035, 13, 2, 4
3036, 13, 2, 4
3037, 13, 2, 4
3038, 13, 2, 4
3039, 13, 2, 4
3040, 13, 2, 4
3041, 13, 2, 4
3042, 13, 2, 4
3044, 13, 2, 4
3045, 13, 2, 4
3046, 13, 2, 4
3047, 13, 2, 4
3048, 13, 2, 4
3049, 13, 2, 4
3050, 13, 2, 4
3051, 13, 2, 4
3052, 13, 2, 4
3053, 13, 2, 4
3054, 13, 2, 4
3055, 13, 2, 4
3056, 13, 2, 4
3057, 13, 2, 4
3058, 13, 2, 4
3059, 13, 2, 4
3060, 13, 2, 4
3061, 13, 2, 4
3062, 13, 2, 4
3063, 13, 2, 4
3064, 13, 2, 4
3065, 13, 2, 4
3066, 13, 2, 4
3067, 13, 2, 4
3068, 13, 2, 4
3069, 13, 2, 4
3070, 13, 2, 4
3071, 13, 2, 4
3072, 13, 2, 4
3073, 13, 2, 4
3074, 13, 2, 4
3075, 13, 2, 4
3076, 13, 2, 4
3077, 13, 2, 4
3078, 13, 2, 4
3079, 13, 2, 4
3080, 13, 2, 4
3081, 13, 2, 4
3082, 13, 2, 4
3083, 13, 2, 4
3084, 13, 2, 4
3085, 13, 2, 4
3086, 13, 2, 4
3087, 13, 2, 4
3088, 13, 2, 4
3089, 13, 2, 4
3090, 13, 2, 4
3091, 13, 2, 4
3092, 13, 2, 4
3093, 13, 2, 4
3094, 13, 2, 4
3095, 14, 1, 1
3096, 14, 1, 1
3097, 14, 1, 1
3098, 14, 1, 1
3099, 14, 1, 1
3100, 14, 1, 1
3101, 14, 1, 1
3102, 14, 1, 1
3103, 14, 1, 1
3104, 14, 1, 1
3105, 14, 1, 1
3106, 14, 1, 1
3107, 14, 1, 1
3108, 14, 1, 1
3109, 14, 1, 1
3110, 14, 1, 1
3111, 14, 1, 1
3112, 14, 1, 1
3113, 14, 1, 1
3114, 14, 1, 1
3115, 14, 1, 1
3116, 14, 1, 1
3117, 14, 1, 1
3118, 14, 1, 1
3119, 14, 1, 1
3120, 14, 1, 1
3121, 14, 1, 1
3122, 14, 1, 1
3123, 14, 1, 1
3124, 14, 1, 1
3125, 14, 1, 1
3126, 14, 1, 1
3127, 14, 1, 1
3128, 14, 1, 1
3129, 14, 1, 1
3130, 14, 1, 1
3131, 14, 1, 1
3132, 14, 1, 1
3134, 14, 1, 1
3135, 14, 1, 1
3136, 14, 1, 1
3137, 14, 1, 1
3138, 14, 1, 1
3139, 14, 1, 1
3140, 14, 1, 1
3142, 14, 1, 1
3143, 14, 1, 1
3144, 14, 1, 1
3145, 14, 1, 1
3146, 14, 1, 1
3147, 14, 1, 1
3148, 14, 1, 1
3149, 14, 1, 1
3150, 14, 1, 1
3151, 14, 1, 1
3152, 14, 1, 1
3153, 14, 1, 1
3154, 14, 1, 1
3155, 14, 1, 1
3156, 14, 1, 1
3157, 14, 1, 1
3158, 14, 1, 1
3159, 14, 1, 1
3160, 14, 1, 1
3161, 14, 1, 1
3162, 14, 1, 1
3163, 14, 1, 1
3164, 14, 1, 1
3165, 14, 1, 1
3166, 14, 1, 1
3167, 14, 1, 1
3168, 14, 1, 1
3169, 14, 1, 1
3170, 14, 1, 1
3171, 14, 1, 1
3172, 14, 1, 1
3173, 14, 1, 1
3174, 14, 1, 1
3175, 14, 1, 1
3176, 14, 1, 1
3177, 14, 1, 1
3178, 14, 1, 1
3179, 14, 1, 1
3180, 14, 1, 1
3181, 14, 1, 1
3182, 14, 1, 1
3183, 14, 1, 1
3184, 14, 1, 1
3185, 14, 1, 1
3186, 14, 1, 1
3187, 14, 1, 1
3188, 14, 1, 1
3189, 14, 1, 1
3190, 14, 1, 1
3191, 14, 1, 1
3192, 14, 1, 1
3193, 14, 1, 1
3194, 14, 1, 1
3195, 14, 1, 1
3196, 14, 1, 1
3197, 14, 1, 1
3198, 14, 1, 1
3199, 14, 1, 1
3200, 14, 1, 1
3201, 14, 1, 1
3202, 14, 1, 1
3203, 14, 1, 1
3204, 14, 1, 1
3205, 14, 1, 1
3206, 14, 1, 1
3207, 14, 1, 1
3208, 14, 1, 1
3209, 14, 1, 1
3210, 14, 1, 1
3211, 14, 1, 1
3212, 14, 1, 1
3213, 14, 1, 1
3214, 14, 1, 1
3215, 14, 1, 1
3216, 14, 1, 1
3217, 14, 1, 1
3218, 14, 1, 1
3219, 14, 1, 1
3220, 14, 1, 1
3221, 14, 1, 1
3222, 14, 1, 1
3223, 14, 1, 1
3224, 14, 1, 1
3225, 14, 1, 1
3226, 14, 1, 1
3227, 14, 1, 1
3228, 14, 1, 1
3229, 14, 1, 1
3230, 14, 1, 1
3231, 14, 1, 1
3232, 14, 1, 1
3233, 14, 1, 1
3234, 14, 1, 1
3235, 14, 1, 1
3236, 14, 1, 1
3237, 14, 1, 1
3238, 14, 1, 1
3239, 14, 1, 1
3240, 14, 1, 1
3241, 14, 1, 1
3242, 14, 1, 1
3243, 14, 1, 1
3244, 14, 1, 1
3245, 14, 1, 1
3246, 14, 1, 1
3247, 14, 1, 1
3248, 14, 1, 1
3249, 14, 1, 1
3250, 14, 1, 1
3251, 14, 1, 1
3252, 14, 1, 1
3253, 14, 1, 1
3254, 14, 1, 1
3255, 14, 1, 1
3256, 14, 1, 1
3257, 14, 1, 1
3258, 14, 1, 1
3259, 14, 1, 1
3260, 14, 1, 1
3261, 14, 1, 1
3262, 14, 1, 1
3263, 14, 1, 1
3264, 14, 1, 1
3265, 14, 1, 1
3266, 14, 1, 1
3267, 14, 1, 1
3268, 14, 1, 1
3269, 14, 1, 1
3270, 14, 1, 1
3271, 14, 1, 1
3272, 14, 1, 1
3273, 14, 1, 1
3276, 14, 1, 1
3277, 14, 1, 1
3278, 14, 1, 1
3282, 14, 1, 1
3283, 14, 1, 1
3284, 14, 1, 1
3285, 14, 1, 1
3286, 14, 1, 1
3287, 14, 1, 1
3288, 14, 1, 1
3290, 14, 1, 1
3293, 14, 1, 1
3294, 14, 1, 1
3295, 14, 1, 1
3296, 14, 1, 1
3297, 14, 1, 1
3298, 14, 1, 1
3299, 14, 1, 1
3300, 14, 1, 1
3301, 14, 1, 1
3302, 14, 1, 1
3304, 14, 1, 1
3305, 14, 1, 1
3306, 14, 1, 1
3307, 14, 1, 1
3308, 14, 1, 1
3309, 14, 1, 1
3310, 14, 1, 1
3311, 14, 1, 1
3312, 14, 1, 1
3313, 14, 1, 1
3314, 14, 1, 1
3315, 14, 1, 1
3316, 14, 1, 1
3317, 14, 1, 1
3318, 14, 1, 1
3319, 14, 1, 1
3320, 14, 1, 1
3321, 14, 1, 1
3322, 14, 1, 1
3323, 14, 1, 1
3324, 14, 1, 1
3325, 14, 1, 1
3326, 14, 1, 1
3327, 14, 1, 1
3328, 14, 1, 1
3329, 14, 1, 1
3330, 14, 1, 1
3331, 14, 1, 1
3332, 14, 1, 1
3333, 14, 1, 1
3334, 14, 1, 1
3335, 14, 1, 1
3336, 14, 1, 1
3337, 14, 1, 1
3338, 14, 1, 1
3339, 14, 1, 1
3340, 14, 1, 1
3341, 14, 1, 1
3342, 14, 1, 1
3343, 14, 1, 1
3344, 14, 1, 1
3345, 14, 1, 1
3346, 14, 1, 1
3347, 14, 1, 1
3348, 14, 1, 1
3349, 14, 1, 1
3350, 14, 1, 1
3351, 14, 1, 1
3352, 14, 1, 1
3353, 14, 1, 1
3354, 14, 1, 1
3355, 14, 1, 1
3356, 14, 1, 1
3357, 14, 1, 1
3358, 14, 1, 1
3359, 14, 1, 1
3360, 14, 1, 1
3361, 14, 1, 1
3362, 14, 1, 1
3363, 14, 1, 1
3364, 14, 1, 1
3365, 14, 1, 1
3366, 14, 1, 1
3367, 14, 1, 1
3368, 14, 1, 1
3369, 14, 1, 1
3370, 14, 1, 1
3371, 14, 1, 1
3372, 14, 1, 1
3373, 14, 1, 1
3374, 14, 1, 1
3375, 14, 1, 1
3376, 14, 1, 1
3377, 14, 1, 1
3378, 14, 1, 1
3379, 14, 1, 1
3380, 14, 1, 1
3381, 14, 1, 1
3382, 14, 1, 1
3383, 14, 1, 1
3384, 14, 1, 1
3385, 14, 1, 1
3386, 14, 1, 1
3387, 14, 1, 1
3388, 14, 1, 1
3389, 14, 1, 1
3390, 14, 1, 1
3391, 14, 1, 1
3392, 14, 1, 1
3393, 14, 1, 1
3394, 14, 1, 1
3395, 14, 1, 1
3396, 14, 1, 1
3397, 14, 1, 1
3398, 14, 1, 1
3399, 14, 1, 1
3400, 14, 1, 1
3401, 14, 1, 1
3402, 14, 1, 1
3403, 14, 1, 1
3404, 14, 1, 1
3405, 14, 1, 1
3406, 14, 1, 1
3407, 14, 1, 1
3408, 14, 1, 1
3409, 14, 1, 1
3410, 14, 1, 1
3411, 14, 1, 1
3412, 14, 1, 1
3413, 14, 1, 1
3414, 14, 1, 1
3415, 14, 1, 1
3416, 14, 1, 1
3417, 14, 1, 1
3418, 14, 1, 1
3419, 14, 1, 1
3420, 14, 1, 1
3421, 14, 1, 1
3422, 14, 1, 1
3423, 14, 1, 1
3424, 14, 1, 1
3425, 14, 1, 1
3426, 14, 1, 1
3427, 14, 1, 1
3428, 14, 1, 1
3429, 14, 1, 1
3430, 14, 1, 1
3431, 14, 1, 1
3432, 14, 1, 1
3433, 14, 1, 1
3434, 14, 1, 1
3435, 14, 1, 1
3436, 14, 1, 1
3437, 14, 1, 1
3438, 14, 1, 1
3439, 14, 1, 1
3440, 14, 1, 1
3441, 14, 1, 1
3442, 14, 1, 1
3443, 14, 1, 1
3444, 14, 1, 1
3445, 14, 1, 1
3446, 14, 1, 1
3447, 14, 1, 1
3448, 14, 1, 1
3449, 14, 1, 1
3450, 14, 1, 1
3451, 14, 1, 1
3452, 14, 1, 1
3453, 14, 1, 1
3454, 14, 1, 1
3455, 14, 1, 1
3456, 14, 1, 1
3457, 14, 1, 1
3458, 14, 1, 1
3459, 14, 1, 1
3460, 14, 1, 1
3461, 14, 1, 1
3462, 14, 1, 1
3463, 14, 1, 1
3464, 14, 1, 1
3465, 14, 1, 1
3466, 14, 1, 1
3467, 14, 1, 1
3468, 14, 1, 1
3469, 14, 1, 1
3470, 14, 1, 1
3471, 14, 1, 1
3472, 14, 1, 1
3473, 14, 1, 1
3474, 14, 1, 1
3475, 14, 1, 1
3476, 14, 1, 1
3477, 14, 1, 1
3478, 14, 1, 1
3479, 14, 1, 1
3480, 14, 1, 1
3481, 14, 1, 1
3482, 14, 1, 1
3483, 14, 1, 1
3484, 14, 1, 1
3485, 14, 1, 1
3486, 14, 1, 1
3487, 14, 1, 1
3488, 14, 1, 1
3489, 14, 1, 1
3490, 14, 1, 1
3491, 14, 1, 1
3492, 14, 1, 1
3494, 14, 1, 1
3495, 14, 1, 1
3496, 14, 1, 1
3497, 14, 1, 1
3498, 14, 1, 1
3499, 14, 1, 1
3500, 14, 1, 1
3504, 14, 1, 1
3505, 14, 1, 1
3506, 14, 1, 1
3507, 14, 1, 1
3508, 14, 1, 1
3509, 14, 1, 1
3510, 14, 1, 1
3511, 14, 1, 1
3512, 14, 1, 1
3513, 14, 1, 1
3514, 14, 1, 1
3515, 14, 1, 1
3516, 14, 1, 1
3517, 14, 1, 1
3518, 14, 1, 1
3519, 14, 1, 1
3520, 14, 1, 1
3521, 14, 1, 1
3522, 14, 1, 1
3523, 14, 1, 1
3524, 14, 1, 1
3526, 14, 1, 1
3527, 14, 1, 1
3528, 14, 1, 1
3529, 14, 1, 1
3530, 14, 1, 1
3531, 14, 1, 1
3532, 14, 1, 1
3533, 14, 1, 1
3534, 14, 1, 1
3535, 14, 1, 1
3537, 14, 1, 1
3538, 14, 1, 1
3539, 14, 1, 1
3540, 14, 1, 1
3541, 14, 1, 1
3542, 14, 1, 1
3543, 14, 1, 1
3544, 14, 1, 1
3545, 14, 1, 1
3546, 14, 1, 1
3547, 14, 1, 1
3548, 14, 1, 1
3549, 14, 1, 1
3550, 14, 1, 1
3551, 14, 1, 1
3552, 14, 1, 1
3553, 14, 1, 1
3554, 14, 1, 1
3555, 14, 1, 1
3556, 14, 1, 1
3557, 14, 1, 1
3558, 14, 1, 1
3559, 14, 1, 1
3560, 14, 1, 1
3561, 14, 1, 1
3562, 14, 1, 1
3563, 14, 1, 1
3564, 14, 1, 1
3565, 14, 1, 1
3566, 14, 1, 1
3567, 14, 1, 1
3568, 14, 1, 1
3569, 14, 1, 1
3570, 14, 1, 1
3571, 14, 1, 1
3572, 14, 1, 1
3573, 14, 1, 1
3574, 14, 1, 1
3575, 14, 1, 1
3576, 14, 1, 1
3577, 14, 1, 1
3578, 14, 1, 1
3579, 14, 1, 1
3580, 14, 1, 1
3581, 14, 1, 1
3582, 14, 1, 1
3583, 14, 1, 1
3584, 14, 1, 1
3585, 14, 1, 1
3586, 14, 1, 1
3587, 14, 1, 1
3588, 14, 1, 1
3589, 14, 1, 1
3590, 14, 1, 1
3591, 14, 1, 1
3592, 14, 1, 1
3593, 14, 1, 1
3594, 14, 1, 1
3595, 14, 1, 1
3596, 14, 1, 1
3597, 14, 1, 1
3598, 14, 1, 1
3599, 14, 1, 1
3600, 14, 1, 1
3601, 14, 1, 1
3602, 14, 1, 1
3603, 14, 1, 1
3604, 14, 1, 1
3605, 14, 1, 1
3606, 14, 1, 1
3607, 14, 1, 1
3608, 14, 1, 1
3609, 14, 1, 1
3610, 14, 1, 1
3611, 14, 1, 1
3612, 14, 1, 1
3613, 14, 1, 1
3614, 14, 1, 1
3615, 14, 1, 1
3616, 14, 1, 1
3617, 14, 1, 1
3618, 14, 1, 1
3619, 14, 1, 1
3620, 14, 1, 1
3621, 14, 1, 1
3622, 14, 1, 1
3623, 14, 1, 1
3624, 14, 1, 1
3625, 14, 1, 1
3626, 14, 1, 1
3627, 14, 1, 1
3628, 14, 1, 1
3629, 14, 1, 1
3630, 14, 1, 1
3631, 14, 1, 1
3632, 14, 1, 1
3633, 14, 1, 1
3634, 14, 1, 1
3635, 14, 1, 1
3636, 14, 1, 1
3637, 14, 1, 1
3638, 14, 1, 1
3639, 14, 1, 1
3640, 14, 1, 1
3641, 14, 1, 1
3642, 14, 1, 1
3643, 14, 1, 1
3644, 14, 1, 1
3645, 14, 1, 1
3646, 14, 1, 1
3647, 14, 1, 1
3648, 14, 1, 1
3649, 14, 1, 1
3650, 14, 1, 2
3651, 14, 1, 2
3652, 14, 1, 2
3653, 14, 1, 2
3654, 14, 1, 2
3655, 14, 1, 2
3656, 14, 1, 2
3657, 14, 1, 2
3658, 14, 1, 2
3659, 14, 1, 2
3660, 14, 1, 2
3661, 14, 1, 2
3662, 14, 1, 2
3663, 14, 1, 2
3664, 14, 1, 2
3665, 14, 1, 2
3666, 14, 1, 2
3667, 14, 1, 2
3668, 14, 1, 2
3669, 14, 1, 2
3670, 14, 1, 2
3671, 14, 1, 2
3672, 14, 1, 2
3673, 14, 1, 2
3674, 14, 1, 2
3675, 14, 1, 2
3676, 14, 1, 2
3677, 14, 1, 2
3678, 14, 1, 2
3679, 14, 1, 2
3680, 14, 1, 2
3681, 14, 1, 2
3682, 14, 1, 2
3683, 14, 1, 2
3684, 14, 1, 2
3685, 14, 1, 2
3686, 14, 1, 2
3687, 14, 1, 2
3688, 14, 1, 2
3689, 14, 1, 2
3690, 14, 1, 2
3691, 14, 1, 2
3692, 14, 1, 2
3693, 14, 1, 2
3694, 14, 1, 2
3695, 14, 1, 2
3696, 14, 1, 2
3697, 14, 1, 2
3698, 14, 1, 2
3699, 14, 1, 2
3700, 14, 1, 2
3701, 14, 1, 2
3702, 14, 1, 2
3703, 14, 1, 2
3704, 14, 1, 2
3705, 14, 1, 2
3706, 14, 1, 2
3707, 14, 1, 2
3708, 14, 1, 2
3709, 14, 1, 2
3710, 14, 1, 2
3711, 14, 1, 2
3712, 14, 1, 2
3713, 14, 1, 2
3714, 14, 1, 2
3715, 14, 1, 2
3716, 14, 1, 2
3717, 14, 1, 2
3718, 14, 1, 2
3719, 14, 1, 2
3720, 14, 1, 2
3721, 14, 1, 2
3722, 14, 1, 2
3724, 14, 1, 2
3725, 14, 1, 2
3726, 14, 1, 2
3727, 14, 1, 2
3728, 14, 1, 2
3729, 14, 1, 2
3730, 14, 1, 2
3731, 14, 1, 2
3732, 14, 1, 2
3733, 14, 1, 2
3734, 14, 1, 2
3735, 14, 1, 2
3736, 14, 1, 2
3737, 14, 1, 2
3738, 14, 1, 2
3739, 14, 1, 2
3740, 14, 1, 2
3741, 14, 1, 2
3742, 14, 1, 2
3743, 14, 1, 2
3744, 14, 1, 2
3745, 14, 1, 2
3746, 14, 1, 2
3747, 14, 1, 2
3748, 14, 1, 2
3749, 14, 1, 2
3750, 14, 1, 2
3751, 14, 1, 2
3752, 14, 1, 2
3753, 14, 1, 2
3754, 14, 1, 2
3755, 14, 1, 2
3756, 14, 1, 2
3757, 14, 1, 2
3758, 14, 1, 2
3760, 14, 1, 2
3761, 14, 1, 2
3762, 14, 1, 2
3763, 14, 1, 2
3764, 14, 1, 2
3765, 14, 1, 2
3766, 14, 1, 2
3767, 14, 1, 2
3768, 14, 1, 2
3769, 14, 1, 2
3770, 14, 1, 2
3771, 14, 1, 2
3772, 14, 1, 2
3773, 14, 1, 2
3774, 14, 1, 2
3775, 14, 1, 2
3776, 14, 1, 2
3777, 14, 1, 2
3778, 14, 1, 2
3779, 14, 1, 2
3780, 14, 1, 2
3781, 14, 1, 2
3782, 14, 1, 2
3783, 14, 1, 2
3784, 14, 1, 2
3785, 14, 1, 2
3786, 14, 1, 2
3787, 14, 1, 2
3788, 14, 1, 2
3789, 14, 1, 2
3790, 14, 1, 2
3791, 14, 1, 2
3792, 14, 1, 2
3793, 14, 1, 2
3794, 14, 1, 2
3795, 14, 1, 2
3796, 14, 1, 2
3797, 14, 1, 2
3798, 14, 1, 2
3799, 14, 1, 2
3800, 14, 1, 2
3801, 14, 1, 2
3802, 14, 1, 2
3803, 14, 1, 2
3804, 14, 1, 2
3805, 14, 1, 2
3806, 14, 1, 2
3807, 14, 1, 2
3808, 14, 1, 2
3809, 14, 1, 2
3810, 14, 1, 2
3811, 14, 1, 2
3812, 14, 1, 2
3813, 14, 1, 2
3814, 14, 1, 2
3816, 14, 1, 2
3817, 14, 1, 2
3818, 14, 1, 2
3819, 14, 1, 2
3820, 14, 1, 2
3821, 14, 1, 2
3822, 14, 1, 2
3823, 14, 1, 2
3824, 14, 1, 2
3825, 14, 1, 2
3826, 14, 1, 2
3827, 14, 1, 2
3828, 14, 1, 2
3829, 14, 1, 2
3830, 14, 1, 2
3831, 14, 1, 2
3832, 14, 1, 2
3833, 14, 1, 2
3834, 14, 1, 2
3835, 14, 1, 2
3836, 14, 1, 2
3837, 14, 1, 2
3838, 14, 1, 2
3839, 14, 1, 2
3840, 14, 1, 2
3841, 14, 1, 2
3842, 14, 1, 2
3843, 14, 1, 2
3844, 14, 1, 2
3845, 14, 1, 2
3846, 14, 1, 2
3847, 14, 1, 2
3848, 14, 1, 2
3849, 14, 1, 2
3850, 14, 1, 2
3851, 14, 1, 2
3852, 14, 1, 2
3853, 14, 1, 2
3854, 14, 1, 2
3855, 14, 1, 2
3856, 14, 1, 2
3857, 14, 1, 2
3858, 14, 1, 2
3859, 14, 1, 2
3860, 14, 1, 2
3861, 14, 1, 2
3862, 14, 1, 2
3863, 14, 1, 2
3864, 14, 1, 2
3865, 14, 1, 2
3866, 14, 1, 2
3867, 14, 1, 2
3868, 14, 1, 2
3869, 14, 1, 2
3870, 14, 1, 2
3871, 14, 1, 2
3872, 14, 1, 2
3873, 14, 1, 2
3874, 14, 1, 2
3875, 14, 1, 2
3876, 14, 1, 2
3877, 14, 1, 2
3878, 14, 1, 2
3879, 14, 1, 2
3880, 14, 1, 2
3881, 14, 1, 2
3882, 14, 1, 2
3883, 14, 1, 2
3884, 14, 1, 2
3885, 14, 1, 2
3886, 14, 1, 2
3887, 14, 1, 2
3888, 14, 1, 2
3889, 14, 1, 2
3890, 14, 1, 2
3891, 14, 1, 2
3892, 14, 1, 2
3893, 14, 1, 2
3894, 14, 1, 2
3895, 14, 1, 2
3896, 14, 1, 2
3897, 14, 1, 2
3898, 14, 1, 2
3899, 14, 1, 2
3900, 14, 1, 2
3901, 14, 1, 2
3902, 14, 1, 2
3903, 14, 1, 2
3904, 14, 1, 2
3905, 14, 1, 2
3906, 14, 1, 2
3907, 14, 1, 2
3908, 14, 1, 2
3909, 14, 1, 2
3910, 14, 1, 2
3911, 14, 1, 2
3912, 14, 1, 2
3913, 14, 1, 2
3914, 14, 1, 2
3915, 14, 1, 2
3916, 14, 1, 2
3917, 14, 1, 2
3918, 14, 1, 2
3919, 14, 1, 2
3920, 14, 1, 2
3921, 14, 1, 2
3922, 14, 1, 2
3923, 14, 1, 2
3924, 14, 1, 2
3925, 14, 1, 2
3926, 14, 1, 2
3927, 14, 1, 2
3928, 14, 1, 2
3929, 14, 1, 2
3930, 14, 1, 2
3931, 14, 1, 2
3932, 14, 1, 2
3933, 14, 1, 2
3934, 14, 1, 2
3936, 14, 1, 2
3937, 14, 1, 2
3938, 14, 1, 2
3939, 14, 1, 2
3940, 14, 1, 2
3941, 14, 1, 2
3942, 14, 1, 2
3943, 14, 1, 2
3944, 14, 1, 2
3945, 14, 1, 2
3947, 14, 1, 2
3948, 14, 1, 2
3949, 14, 1, 2
3950, 14, 1, 2
3951, 14, 1, 2
3952, 14, 1, 2
3953, 14, 1, 2
3954, 14, 1, 2
3955, 14, 1, 2
3956, 14, 1, 2
3957, 14, 1, 2
3958, 14, 1, 2
3959, 14, 1, 2
3960, 14, 1, 2
3961, 14, 1, 2
3962, 14, 1, 2
3963, 14, 1, 2
3964, 14, 1, 2
3965, 14, 1, 2
3966, 14, 1, 2
3967, 14, 1, 2
3968, 14, 1, 2
3969, 14, 1, 2
3970, 14, 1, 2
3971, 14, 1, 2
3972, 14, 1, 2
3973, 14, 1, 2
3974, 14, 1, 2
3975, 14, 1, 2
3976, 14, 1, 2
3977, 14, 1, 2
3978, 14, 1, 2
3979, 14, 1, 2
3980, 14, 1, 2
3981, 14, 1, 2
3982, 14, 1, 2
3983, 14, 1, 2
3984, 14, 1, 2
3985, 14, 1, 2
3986, 14, 1, 2
3987, 14, 1, 2
3988, 14, 1, 2
3989, 14, 1, 2
3990, 14, 1, 2
3991, 14, 1, 2
3992, 14, 1, 2
3993, 14, 1, 2
3994, 14, 1, 2
3995, 14, 1, 2
3996, 14, 1, 2
3997, 14, 1, 2
3998, 14, 1, 2
3999, 14, 1, 2
4000, 14, 1, 2
4001, 14, 1, 2
4002, 14, 1, 2
4003, 14, 1, 2
4004, 14, 1, 2
4005, 14, 1, 2
4006, 14, 1, 2
4007, 14, 1, 2
4008, 14, 1, 2
4009, 14, 1, 2
4010, 14, 1, 2
4011, 14, 1, 2
4012, 14, 1, 2
4013, 14, 1, 2
4014, 14, 1, 2
4015, 14, 1, 2
4016, 14, 1, 2
4017, 14, 1, 2
4018, 14, 1, 2
4019, 14, 1, 2
4020, 14, 1, 2
4021, 14, 1, 2
4022, 14, 1, 2
4023, 14, 1, 2
4024, 14, 1, 2
